 #baseprofiles
 #height rhobf
    0.5  0.11612783351913787E+01
    1.5  0.11612783351913787E+01
    2.5  0.11612783351913787E+01
    3.5  0.11612783351913787E+01
    4.5  0.11612783351913787E+01
    5.5  0.11612783351913787E+01
    6.5  0.11612783351913787E+01
    7.5  0.11612783351913787E+01
    8.5  0.11612783351913787E+01
    9.5  0.11612783351913787E+01
   10.5  0.11612783351913787E+01
   11.5  0.11612783351913787E+01
   12.5  0.11612783351913787E+01
   13.5  0.11612783351913787E+01
   14.5  0.11612783351913787E+01
   15.5  0.11612783351913787E+01
   16.5  0.11612783351913787E+01
   17.5  0.11612783351913787E+01
   18.5  0.11612783351913787E+01
   19.5  0.11612783351913787E+01
   20.5  0.11612783351913787E+01
   21.5  0.11612783351913787E+01
   22.5  0.11612783351913787E+01
   23.5  0.11612783351913787E+01
   24.5  0.11612783351913787E+01
   25.5  0.11612783351913787E+01
   26.5  0.11612783351913787E+01
   27.5  0.11612783351913787E+01
   28.5  0.11612783351913787E+01
   29.5  0.11612783351913787E+01
   30.5  0.11612783351913787E+01
   31.5  0.11612783351913787E+01
   32.5  0.11612783351913787E+01
   33.5  0.11612783351913787E+01
   34.5  0.11612783351913787E+01
   35.5  0.11612783351913787E+01
   36.5  0.11612783351913787E+01
   37.5  0.11612783351913787E+01
   38.5  0.11612783351913787E+01
   39.5  0.11612783351913787E+01
   40.5  0.11612783351913787E+01
   41.5  0.11612783351913787E+01
   42.5  0.11612783351913787E+01
   43.5  0.11612783351913787E+01
   44.5  0.11612783351913787E+01
   45.5  0.11612783351913787E+01
   46.5  0.11612783351913787E+01
   47.5  0.11612783351913787E+01
   48.5  0.11612783351913787E+01
   49.5  0.11612783351913787E+01
   50.5  0.11612783351913787E+01
   51.5  0.11612783351913787E+01
   52.5  0.11612783351913787E+01
   53.5  0.11612783351913787E+01
   54.5  0.11612783351913787E+01
   55.5  0.11612783351913787E+01
   56.5  0.11612783351913787E+01
   57.5  0.11612783351913787E+01
   58.5  0.11612783351913787E+01
   59.5  0.11612783351913787E+01
   60.5  0.11612783351913787E+01
   61.5  0.11612783351913787E+01
   62.5  0.11612783351913787E+01
   63.5  0.11612783351913787E+01
   64.5  0.11612783351913787E+01
   65.5  0.11612783351913787E+01
   66.5  0.11612783351913787E+01
   67.5  0.11612783351913787E+01
   68.5  0.11612783351913787E+01
   69.5  0.11612783351913787E+01
   70.5  0.11612783351913787E+01
   71.5  0.11612783351913787E+01
   72.5  0.11612783351913787E+01
   73.5  0.11612783351913787E+01
   74.5  0.11612783351913787E+01
   75.5  0.11612783351913787E+01
   76.5  0.11612783351913787E+01
   77.5  0.11612783351913787E+01
   78.5  0.11612783351913787E+01
   79.5  0.11612783351913787E+01
   80.5  0.11612783351913787E+01
   81.5  0.11612783351913787E+01
   82.5  0.11612783351913787E+01
   83.5  0.11612783351913787E+01
   84.5  0.11612783351913787E+01
   85.5  0.11612783351913787E+01
   86.5  0.11612783351913787E+01
   87.5  0.11612783351913787E+01
   88.5  0.11612783351913787E+01
   89.5  0.11612783351913787E+01
   90.5  0.11612783351913787E+01
   91.5  0.11612783351913787E+01
   92.5  0.11612783351913787E+01
   93.5  0.11612783351913787E+01
   94.5  0.11612783351913787E+01
   95.5  0.11612783351913787E+01
   96.5  0.11612783351913787E+01
   97.5  0.11612783351913787E+01
   98.5  0.11612783351913787E+01
   99.5  0.11612783351913787E+01
  100.5  0.11612783351913787E+01
  101.5  0.11612783351913787E+01
  102.5  0.11612783351913787E+01
  103.5  0.11612783351913787E+01
  104.5  0.11612783351913787E+01
  105.5  0.11612783351913787E+01
  106.5  0.11612783351913787E+01
  107.5  0.11612783351913787E+01
  108.5  0.11612783351913787E+01
  109.5  0.11612783351913787E+01
  110.5  0.11612783351913787E+01
  111.5  0.11612783351913787E+01
  112.5  0.11612783351913787E+01
  113.5  0.11612783351913787E+01
  114.5  0.11612783351913787E+01
  115.5  0.11612783351913787E+01
  116.5  0.11612783351913787E+01
  117.5  0.11612783351913787E+01
  118.5  0.11612783351913787E+01
  119.5  0.11612783351913787E+01
  120.5  0.11612783351913787E+01
  121.5  0.11612783351913787E+01
  122.5  0.11612783351913787E+01
  123.5  0.11612783351913787E+01
  124.5  0.11612783351913787E+01
  125.5  0.11612783351913787E+01
  126.5  0.11612783351913787E+01
  127.5  0.11612783351913787E+01
