#Input file large scale forcing
#height   ug     vg     wfls   dqtdxls   dqtdyls  dqtdtls   dthlrad
   0.50   6.00   0.00   0.0    0.0       0.0      0.0       0.0
   1.50   6.00   0.00   0.0    0.0       0.0      0.0       0.0
   2.50   6.00   0.00   0.0    0.0       0.0      0.0       0.0
   3.50   6.00   0.00   0.0    0.0       0.0      0.0       0.0
   4.50   6.00   0.00   0.0    0.0       0.0      0.0       0.0
   5.50   6.00   0.00   0.0    0.0       0.0      0.0       0.0
   6.50   6.00   0.00   0.0    0.0       0.0      0.0       0.0
   7.50   6.00   0.00   0.0    0.0       0.0      0.0       0.0
   8.50   6.00   0.00   0.0    0.0       0.0      0.0       0.0
   9.50   6.00   0.00   0.0    0.0       0.0      0.0       0.0
  10.50   6.00   0.00   0.0    0.0       0.0      0.0       0.0
  11.50   6.00   0.00   0.0    0.0       0.0      0.0       0.0
  12.50   6.00   0.00   0.0    0.0       0.0      0.0       0.0
  13.50   6.00   0.00   0.0    0.0       0.0      0.0       0.0
  14.50   6.00   0.00   0.0    0.0       0.0      0.0       0.0
  15.50   6.00   0.00   0.0    0.0       0.0      0.0       0.0
  16.50   6.00   0.00   0.0    0.0       0.0      0.0       0.0
  17.50   6.00   0.00   0.0    0.0       0.0      0.0       0.0
  18.50   6.00   0.00   0.0    0.0       0.0      0.0       0.0
  19.50   6.00   0.00   0.0    0.0       0.0      0.0       0.0
  20.50   6.00   0.00   0.0    0.0       0.0      0.0       0.0
  21.50   6.00   0.00   0.0    0.0       0.0      0.0       0.0
  22.50   6.00   0.00   0.0    0.0       0.0      0.0       0.0
  23.50   6.00   0.00   0.0    0.0       0.0      0.0       0.0
  24.50   6.00   0.00   0.0    0.0       0.0      0.0       0.0
  25.50   6.00   0.00   0.0    0.0       0.0      0.0       0.0
  26.50   6.00   0.00   0.0    0.0       0.0      0.0       0.0
  27.50   6.00   0.00   0.0    0.0       0.0      0.0       0.0
  28.50   6.00   0.00   0.0    0.0       0.0      0.0       0.0
  29.50   6.00   0.00   0.0    0.0       0.0      0.0       0.0
  30.50   6.00   0.00   0.0    0.0       0.0      0.0       0.0
  31.50   6.00   0.00   0.0    0.0       0.0      0.0       0.0
  32.50   6.00   0.00   0.0    0.0       0.0      0.0       0.0
  33.50   6.00   0.00   0.0    0.0       0.0      0.0       0.0
  34.50   6.00   0.00   0.0    0.0       0.0      0.0       0.0
  35.50   6.00   0.00   0.0    0.0       0.0      0.0       0.0
  36.50   6.00   0.00   0.0    0.0       0.0      0.0       0.0
  37.50   6.00   0.00   0.0    0.0       0.0      0.0       0.0
  38.50   6.00   0.00   0.0    0.0       0.0      0.0       0.0
  39.50   6.00   0.00   0.0    0.0       0.0      0.0       0.0
  40.50   6.00   0.00   0.0    0.0       0.0      0.0       0.0
  41.50   6.00   0.00   0.0    0.0       0.0      0.0       0.0
  42.50   6.00   0.00   0.0    0.0       0.0      0.0       0.0
  43.50   6.00   0.00   0.0    0.0       0.0      0.0       0.0
  44.50   6.00   0.00   0.0    0.0       0.0      0.0       0.0
  45.50   6.00   0.00   0.0    0.0       0.0      0.0       0.0
  46.50   6.00   0.00   0.0    0.0       0.0      0.0       0.0
  47.50   6.00   0.00   0.0    0.0       0.0      0.0       0.0
  48.50   6.00   0.00   0.0    0.0       0.0      0.0       0.0
  49.50   6.00   0.00   0.0    0.0       0.0      0.0       0.0
  50.50   6.00   0.00   0.0    0.0       0.0      0.0       0.0
  51.50   6.00   0.00   0.0    0.0       0.0      0.0       0.0
  52.50   6.00   0.00   0.0    0.0       0.0      0.0       0.0
  53.50   6.00   0.00   0.0    0.0       0.0      0.0       0.0
  54.50   6.00   0.00   0.0    0.0       0.0      0.0       0.0
  55.50   6.00   0.00   0.0    0.0       0.0      0.0       0.0
  56.50   6.00   0.00   0.0    0.0       0.0      0.0       0.0
  57.50   6.00   0.00   0.0    0.0       0.0      0.0       0.0
  58.50   6.00   0.00   0.0    0.0       0.0      0.0       0.0
  59.50   6.00   0.00   0.0    0.0       0.0      0.0       0.0
  60.50   6.00   0.00   0.0    0.0       0.0      0.0       0.0
  61.50   6.00   0.00   0.0    0.0       0.0      0.0       0.0
  62.50   6.00   0.00   0.0    0.0       0.0      0.0       0.0
  63.50   6.00   0.00   0.0    0.0       0.0      0.0       0.0
  64.50   6.00   0.00   0.0    0.0       0.0      0.0       0.0
  65.50   6.00   0.00   0.0    0.0       0.0      0.0       0.0
  66.50   6.00   0.00   0.0    0.0       0.0      0.0       0.0
  67.50   6.00   0.00   0.0    0.0       0.0      0.0       0.0
  68.50   6.00   0.00   0.0    0.0       0.0      0.0       0.0
  69.50   6.00   0.00   0.0    0.0       0.0      0.0       0.0
  70.50   6.00   0.00   0.0    0.0       0.0      0.0       0.0
  71.50   6.00   0.00   0.0    0.0       0.0      0.0       0.0
  72.50   6.00   0.00   0.0    0.0       0.0      0.0       0.0
  73.50   6.00   0.00   0.0    0.0       0.0      0.0       0.0
  74.50   6.00   0.00   0.0    0.0       0.0      0.0       0.0
  75.50   6.00   0.00   0.0    0.0       0.0      0.0       0.0
  76.50   6.00   0.00   0.0    0.0       0.0      0.0       0.0
  77.50   6.00   0.00   0.0    0.0       0.0      0.0       0.0
  78.50   6.00   0.00   0.0    0.0       0.0      0.0       0.0
  79.50   6.00   0.00   0.0    0.0       0.0      0.0       0.0
  80.50   6.00   0.00   0.0    0.0       0.0      0.0       0.0
  81.50   6.00   0.00   0.0    0.0       0.0      0.0       0.0
  82.50   6.00   0.00   0.0    0.0       0.0      0.0       0.0
  83.50   6.00   0.00   0.0    0.0       0.0      0.0       0.0
  84.50   6.00   0.00   0.0    0.0       0.0      0.0       0.0
  85.50   6.00   0.00   0.0    0.0       0.0      0.0       0.0
  86.50   6.00   0.00   0.0    0.0       0.0      0.0       0.0
  87.50   6.00   0.00   0.0    0.0       0.0      0.0       0.0
  88.50   6.00   0.00   0.0    0.0       0.0      0.0       0.0
  89.50   6.00   0.00   0.0    0.0       0.0      0.0       0.0
  90.50   6.00   0.00   0.0    0.0       0.0      0.0       0.0
  91.50   6.00   0.00   0.0    0.0       0.0      0.0       0.0
  92.50   6.00   0.00   0.0    0.0       0.0      0.0       0.0
  93.50   6.00   0.00   0.0    0.0       0.0      0.0       0.0
  94.50   6.00   0.00   0.0    0.0       0.0      0.0       0.0
  95.50   6.00   0.00   0.0    0.0       0.0      0.0       0.0
  96.50   6.00   0.00   0.0    0.0       0.0      0.0       0.0
  97.50   6.00   0.00   0.0    0.0       0.0      0.0       0.0
  98.50   6.00   0.00   0.0    0.0       0.0      0.0       0.0
  99.50   6.00   0.00   0.0    0.0       0.0      0.0       0.0
 100.50   6.00   0.00   0.0    0.0       0.0      0.0       0.0
 101.50   6.00   0.00   0.0    0.0       0.0      0.0       0.0
 102.50   6.00   0.00   0.0    0.0       0.0      0.0       0.0
 103.50   6.00   0.00   0.0    0.0       0.0      0.0       0.0
 104.50   6.00   0.00   0.0    0.0       0.0      0.0       0.0
 105.50   6.00   0.00   0.0    0.0       0.0      0.0       0.0
 106.50   6.00   0.00   0.0    0.0       0.0      0.0       0.0
 107.50   6.00   0.00   0.0    0.0       0.0      0.0       0.0
 108.50   6.00   0.00   0.0    0.0       0.0      0.0       0.0
 109.50   6.00   0.00   0.0    0.0       0.0      0.0       0.0
 110.50   6.00   0.00   0.0    0.0       0.0      0.0       0.0
 111.50   6.00   0.00   0.0    0.0       0.0      0.0       0.0
 112.50   6.00   0.00   0.0    0.0       0.0      0.0       0.0
 113.50   6.00   0.00   0.0    0.0       0.0      0.0       0.0
 114.50   6.00   0.00   0.0    0.0       0.0      0.0       0.0
 115.50   6.00   0.00   0.0    0.0       0.0      0.0       0.0
 116.50   6.00   0.00   0.0    0.0       0.0      0.0       0.0
 117.50   6.00   0.00   0.0    0.0       0.0      0.0       0.0
 118.50   6.00   0.00   0.0    0.0       0.0      0.0       0.0
 119.50   6.00   0.00   0.0    0.0       0.0      0.0       0.0
 120.50   6.00   0.00   0.0    0.0       0.0      0.0       0.0
 121.50   6.00   0.00   0.0    0.0       0.0      0.0       0.0
 122.50   6.00   0.00   0.0    0.0       0.0      0.0       0.0
 123.50   6.00   0.00   0.0    0.0       0.0      0.0       0.0
 124.50   6.00   0.00   0.0    0.0       0.0      0.0       0.0
 125.50   6.00   0.00   0.0    0.0       0.0      0.0       0.0
 126.50   6.00   0.00   0.0    0.0       0.0      0.0       0.0
 127.50   6.00   0.00   0.0    0.0       0.0      0.0       0.0
