#Input-file high resolution
#height       th          qt         u          v       sqrt(tke)
  0.500   300.0000    0.000000    6.0000     0.0000     0.0000
  1.500   300.0000    0.000000    6.0000     0.0000     0.0000
  2.500   300.0000    0.000000    6.0000     0.0000     0.0000
  3.500   300.0000    0.000000    6.0000     0.0000     0.0000
  4.500   300.0000    0.000000    6.0000     0.0000     0.0000
  5.500   300.0000    0.000000    6.0000     0.0000     0.0000
  6.500   300.0000    0.000000    6.0000     0.0000     0.0000
  7.500   300.0000    0.000000    6.0000     0.0000     0.0000
  8.500   300.0000    0.000000    6.0000     0.0000     0.0000
  9.500   300.0000    0.000000    6.0000     0.0000     0.0000
 10.500   300.0000    0.000000    6.0000     0.0000     0.0000
 11.500   300.0000    0.000000    6.0000     0.0000     0.0000
 12.500   300.0000    0.000000    6.0000     0.0000     0.0000
 13.500   300.0000    0.000000    6.0000     0.0000     0.0000
 14.500   300.0000    0.000000    6.0000     0.0000     0.0000
 15.500   300.0000    0.000000    6.0000     0.0000     0.0000
 16.500   300.0000    0.000000    6.0000     0.0000     0.5000
 17.500   300.0000    0.000000    6.0000     0.0000     0.5000
 18.500   300.0000    0.000000    6.0000     0.0000     0.5000
 19.500   300.0000    0.000000    6.0000     0.0000     0.5000
 20.500   300.0000    0.000000    6.0000     0.0000     0.5000
 21.500   300.0000    0.000000    6.0000     0.0000     0.5000
 22.500   300.0000    0.000000    6.0000     0.0000     0.5000
 23.500   300.0000    0.000000    6.0000     0.0000     0.5000
 24.500   300.0000    0.000000    6.0000     0.0000     0.0000
 25.500   300.0000    0.000000    6.0000     0.0000     0.0000
 26.500   300.0000    0.000000    6.0000     0.0000     0.0000
 27.500   300.0000    0.000000    6.0000     0.0000     0.0000
 28.500   300.0000    0.000000    6.0000     0.0000     0.0000
 29.500   300.0000    0.000000    6.0000     0.0000     0.0000
 30.500   300.0000    0.000000    6.0000     0.0000     0.0000
 31.500   300.0000    0.000000    6.0000     0.0000     0.0000
 32.500   300.0000    0.000000    6.0000     0.0000     0.0000
 33.500   300.0000    0.000000    6.0000     0.0000     0.0000
 34.500   300.0000    0.000000    6.0000     0.0000     0.0000
 35.500   300.0000    0.000000    6.0000     0.0000     0.0000
 36.500   300.0000    0.000000    6.0000     0.0000     0.0000
 37.500   300.0000    0.000000    6.0000     0.0000     0.0000
 38.500   300.0000    0.000000    6.0000     0.0000     0.0000
 39.500   300.0000    0.000000    6.0000     0.0000     0.0000
 40.500   300.0000    0.000000    6.0000     0.0000     0.0000
 41.500   300.0000    0.000000    6.0000     0.0000     0.0000
 42.500   300.0000    0.000000    6.0000     0.0000     0.0000
 43.500   300.0000    0.000000    6.0000     0.0000     0.0000
 44.500   300.0000    0.000000    6.0000     0.0000     0.0000
 45.500   300.0000    0.000000    6.0000     0.0000     0.0000
 46.500   300.0000    0.000000    6.0000     0.0000     0.0000
 47.500   300.0000    0.000000    6.0000     0.0000     0.0000
 48.500   300.0000    0.000000    6.0000     0.0000     0.0000
 49.500   300.0000    0.000000    6.0000     0.0000     0.0000
 50.500   300.0000    0.000000    6.0000     0.0000     0.0000
 51.500   300.0000    0.000000    6.0000     0.0000     0.0000
 52.500   300.0000    0.000000    6.0000     0.0000     0.0000
 53.500   300.0000    0.000000    6.0000     0.0000     0.0000
 54.500   300.0000    0.000000    6.0000     0.0000     0.0000
 55.500   300.0000    0.000000    6.0000     0.0000     0.0000
 56.500   300.0000    0.000000    6.0000     0.0000     0.0000
 57.500   300.0000    0.000000    6.0000     0.0000     0.0000
 58.500   300.0000    0.000000    6.0000     0.0000     0.0000
 59.500   300.0000    0.000000    6.0000     0.0000     0.0000
 60.500   300.0000    0.000000    6.0000     0.0000     0.0000
 61.500   300.0000    0.000000    6.0000     0.0000     0.0000
 62.500   300.0000    0.000000    6.0000     0.0000     0.0000
 63.500   300.0000    0.000000    6.0000     0.0000     0.0000
 64.500   300.0000    0.000000    6.0000     0.0000     0.0000
 65.500   300.0000    0.000000    6.0000     0.0000     0.0000
 66.500   300.0000    0.000000    6.0000     0.0000     0.0000
 67.500   300.0000    0.000000    6.0000     0.0000     0.0000
 68.500   300.0000    0.000000    6.0000     0.0000     0.0000
 69.500   300.0000    0.000000    6.0000     0.0000     0.0000
 70.500   300.0000    0.000000    6.0000     0.0000     0.0000
 71.500   300.0000    0.000000    6.0000     0.0000     0.0000
 72.500   300.0000    0.000000    6.0000     0.0000     0.0000
 73.500   300.0000    0.000000    6.0000     0.0000     0.0000
 74.500   300.0000    0.000000    6.0000     0.0000     0.0000
 75.500   300.0000    0.000000    6.0000     0.0000     0.0000
 76.500   300.0000    0.000000    6.0000     0.0000     0.0000
 77.500   300.0000    0.000000    6.0000     0.0000     0.0000
 78.500   300.0000    0.000000    6.0000     0.0000     0.0000
 79.500   300.0000    0.000000    6.0000     0.0000     0.0000
 80.500   300.0000    0.000000    6.0000     0.0000     0.0000
 81.500   300.0000    0.000000    6.0000     0.0000     0.0000
 82.500   300.0000    0.000000    6.0000     0.0000     0.0000
 83.500   300.0000    0.000000    6.0000     0.0000     0.0000
 84.500   300.0000    0.000000    6.0000     0.0000     0.0000
 85.500   300.0000    0.000000    6.0000     0.0000     0.0000
 86.500   300.0000    0.000000    6.0000     0.0000     0.0000
 87.500   300.0000    0.000000    6.0000     0.0000     0.0000
 88.500   300.0000    0.000000    6.0000     0.0000     0.0000
 89.500   300.0000    0.000000    6.0000     0.0000     0.0000
 90.500   300.0000    0.000000    6.0000     0.0000     0.0000
 91.500   300.0000    0.000000    6.0000     0.0000     0.0000
 92.500   300.0000    0.000000    6.0000     0.0000     0.0000
 93.500   300.0000    0.000000    6.0000     0.0000     0.0000
 94.500   300.0000    0.000000    6.0000     0.0000     0.0000
 95.500   300.0000    0.000000    6.0000     0.0000     0.0000
 96.500   300.0000    0.000000    6.0000     0.0000     0.0000
 97.500   300.0000    0.000000    6.0000     0.0000     0.0000
 98.500   300.0000    0.000000    6.0000     0.0000     0.0000
 99.500   300.0000    0.000000    6.0000     0.0000     0.0000
100.500   300.0000    0.000000    6.0000     0.0000     0.0000
101.500   300.0000    0.000000    6.0000     0.0000     0.0000
102.500   300.0000    0.000000    6.0000     0.0000     0.0000
103.500   300.0000    0.000000    6.0000     0.0000     0.0000
104.500   300.0000    0.000000    6.0000     0.0000     0.0000
105.500   300.0000    0.000000    6.0000     0.0000     0.0000
106.500   300.0000    0.000000    6.0000     0.0000     0.0000
107.500   300.0000    0.000000    6.0000     0.0000     0.0000
108.500   300.0000    0.000000    6.0000     0.0000     0.0000
109.500   300.0000    0.000000    6.0000     0.0000     0.0000
110.500   300.0000    0.000000    6.0000     0.0000     0.0000
111.500   300.0000    0.000000    6.0000     0.0000     0.0000
112.500   300.0000    0.000000    6.0000     0.0000     0.0000
113.500   300.0000    0.000000    6.0000     0.0000     0.0000
114.500   300.0000    0.000000    6.0000     0.0000     0.0000
115.500   300.0000    0.000000    6.0000     0.0000     0.0000
116.500   300.0000    0.000000    6.0000     0.0000     0.0000
117.500   300.0000    0.000000    6.0000     0.0000     0.0000
118.500   300.0000    0.000000    6.0000     0.0000     0.0000
119.500   300.0000    0.000000    6.0000     0.0000     0.0000
120.500   300.0000    0.000000    6.0000     0.0000     0.0000
121.500   300.0000    0.000000    6.0000     0.0000     0.0000
122.500   300.0000    0.000000    6.0000     0.0000     0.0000
123.500   300.0000    0.000000    6.0000     0.0000     0.0000
124.500   300.0000    0.000000    6.0000     0.0000     0.0000
125.500   300.0000    0.000000    6.0000     0.0000     0.0000
126.500   300.0000    0.000000    6.0000     0.0000     0.0000
127.500   300.0000    0.000000    6.0000     0.0000     0.0000
