#Inert species emitted at the surface
#z            INERT   
   0.500   0.00000E+00
   1.500   0.00000E+00
   2.500   0.00000E+00
   3.500   0.00000E+00
   4.500   0.00000E+00
   5.500   0.00000E+00
   6.500   0.00000E+00
   7.500   0.00000E+00
   8.500   0.00000E+00
   9.500   0.00000E+00
  10.500   0.00000E+00
  11.500   0.00000E+00
  12.500   0.00000E+00
  13.500   0.00000E+00
  14.500   0.00000E+00
  15.500   0.00000E+00
  16.500   0.00000E+00
  17.500   0.00000E+00
  18.500   0.00000E+00
  19.500   0.00000E+00
  20.500   0.00000E+00
  21.500   0.00000E+00
  22.500   0.00000E+00
  23.500   0.00000E+00
  24.500   0.00000E+00
  25.500   0.00000E+00
  26.500   0.00000E+00
  27.500   0.00000E+00
  28.500   0.00000E+00
  29.500   0.00000E+00
  30.500   0.00000E+00
  31.500   0.00000E+00
  32.500   0.00000E+00
  33.500   0.00000E+00
  34.500   0.00000E+00
  35.500   0.00000E+00
  36.500   0.00000E+00
  37.500   0.00000E+00
  38.500   0.00000E+00
  39.500   0.00000E+00
  40.500   0.00000E+00
  41.500   0.00000E+00
  42.500   0.00000E+00
  43.500   0.00000E+00
  44.500   0.00000E+00
  45.500   0.00000E+00
  46.500   0.00000E+00
  47.500   0.00000E+00
  48.500   0.00000E+00
  49.500   0.00000E+00
  50.500   0.00000E+00
  51.500   0.00000E+00
  52.500   0.00000E+00
  53.500   0.00000E+00
  54.500   0.00000E+00
  55.500   0.00000E+00
  56.500   0.00000E+00
  57.500   0.00000E+00
  58.500   0.00000E+00
  59.500   0.00000E+00
  60.500   0.00000E+00
  61.500   0.00000E+00
  62.500   0.00000E+00
  63.500   0.00000E+00
  64.500   0.00000E+00
  65.500   0.00000E+00
  66.500   0.00000E+00
  67.500   0.00000E+00
  68.500   0.00000E+00
  69.500   0.00000E+00
  70.500   0.00000E+00
  71.500   0.00000E+00
  72.500   0.00000E+00
  73.500   0.00000E+00
  74.500   0.00000E+00
  75.500   0.00000E+00
  76.500   0.00000E+00
  77.500   0.00000E+00
  78.500   0.00000E+00
  79.500   0.00000E+00
  80.500   0.00000E+00
  81.500   0.00000E+00
  82.500   0.00000E+00
  83.500   0.00000E+00
  84.500   0.00000E+00
  85.500   0.00000E+00
  86.500   0.00000E+00
  87.500   0.00000E+00
  88.500   0.00000E+00
  89.500   0.00000E+00
  90.500   0.00000E+00
  91.500   0.00000E+00
  92.500   0.00000E+00
  93.500   0.00000E+00
  94.500   0.00000E+00
  95.500   0.00000E+00
  96.500   0.00000E+00
  97.500   0.00000E+00
  98.500   0.00000E+00
  99.500   0.00000E+00
 100.500   0.00000E+00
 101.500   0.00000E+00
 102.500   0.00000E+00
 103.500   0.00000E+00
 104.500   0.00000E+00
 105.500   0.00000E+00
 106.500   0.00000E+00
 107.500   0.00000E+00
 108.500   0.00000E+00
 109.500   0.00000E+00
 110.500   0.00000E+00
 111.500   0.00000E+00
 112.500   0.00000E+00
 113.500   0.00000E+00
 114.500   0.00000E+00
 115.500   0.00000E+00
 116.500   0.00000E+00
 117.500   0.00000E+00
 118.500   0.00000E+00
 119.500   0.00000E+00
 120.500   0.00000E+00
 121.500   0.00000E+00
 122.500   0.00000E+00
 123.500   0.00000E+00
 124.500   0.00000E+00
 125.500   0.00000E+00
 126.500   0.00000E+00
 127.500   0.00000E+00
