 #baseprofiles
 #height rhobf
   10.0  0.11570588434308238E+01
   30.0  0.11570588434308238E+01
   50.0  0.11570588434308238E+01
   70.0  0.11570588434308238E+01
   90.0  0.11570588434308238E+01
  110.0  0.11570588434308238E+01
  130.0  0.11570588434308238E+01
  150.0  0.11570588434308238E+01
  170.0  0.11570588434308238E+01
  190.0  0.11570588434308238E+01
  210.0  0.11570588434308238E+01
  230.0  0.11570588434308238E+01
  250.0  0.11570588434308238E+01
  270.0  0.11570588434308238E+01
  290.0  0.11570588434308238E+01
  310.0  0.11570588434308238E+01
  330.0  0.11570588434308238E+01
  350.0  0.11570588434308238E+01
  370.0  0.11570588434308238E+01
  390.0  0.11570588434308238E+01
  410.0  0.11570588434308238E+01
  430.0  0.11570588434308238E+01
  450.0  0.11570588434308238E+01
  470.0  0.11570588434308238E+01
  490.0  0.11570588434308238E+01
  510.0  0.11570588434308238E+01
  530.0  0.11570588434308238E+01
  550.0  0.11570588434308238E+01
  570.0  0.11570588434308238E+01
  590.0  0.11570588434308238E+01
  610.0  0.11570588434308238E+01
  630.0  0.11570588434308238E+01
  650.0  0.11570588434308238E+01
  670.0  0.11570588434308238E+01
  690.0  0.11570588434308238E+01
  710.0  0.11570588434308238E+01
  730.0  0.11570588434308238E+01
  750.0  0.11570588434308238E+01
  770.0  0.11570588434308238E+01
  790.0  0.11570588434308238E+01
  810.0  0.11570588434308238E+01
  830.0  0.11570588434308238E+01
  850.0  0.11570588434308238E+01
  870.0  0.11570588434308238E+01
  890.0  0.11570588434308238E+01
  910.0  0.11570588434308238E+01
  930.0  0.11570588434308238E+01
  950.0  0.11570588434308238E+01
  970.0  0.11570588434308238E+01
  990.0  0.11570588434308238E+01
 1010.0  0.11570588434308238E+01
 1030.0  0.11570588434308238E+01
 1050.0  0.11570588434308238E+01
 1070.0  0.11570588434308238E+01
 1090.0  0.11570588434308238E+01
 1110.0  0.11570588434308238E+01
 1130.0  0.11570588434308238E+01
 1150.0  0.11570588434308238E+01
 1170.0  0.11570588434308238E+01
 1190.0  0.11570588434308238E+01
 1210.0  0.11570588434308238E+01
 1230.0  0.11570588434308238E+01
 1250.0  0.11570588434308238E+01
 1270.0  0.11570588434308238E+01
 1290.0  0.11570588434308238E+01
 1310.0  0.11570588434308238E+01
 1330.0  0.11570588434308238E+01
 1350.0  0.11570588434308238E+01
 1370.0  0.11570588434308238E+01
 1390.0  0.11570588434308238E+01
 1410.0  0.11570588434308238E+01
 1430.0  0.11570588434308238E+01
 1450.0  0.11570588434308238E+01
 1470.0  0.11570588434308238E+01
 1490.0  0.11570588434308238E+01
 1510.0  0.11570588434308238E+01
 1530.0  0.11570588434308238E+01
 1550.0  0.11570588434308238E+01
 1570.0  0.11570588434308238E+01
 1590.0  0.11570588434308238E+01
 1610.0  0.11570588434308238E+01
 1630.0  0.11570588434308238E+01
 1650.0  0.11570588434308238E+01
 1670.0  0.11570588434308238E+01
 1690.0  0.11570588434308238E+01
 1710.0  0.11570588434308238E+01
 1730.0  0.11570588434308238E+01
 1750.0  0.11570588434308238E+01
 1770.0  0.11570588434308238E+01
 1790.0  0.11570588434308238E+01
 1810.0  0.11570588434308238E+01
 1830.0  0.11570588434308238E+01
 1850.0  0.11570588434308238E+01
 1870.0  0.11570588434308238E+01
 1890.0  0.11570588434308238E+01
 1910.0  0.11570588434308238E+01
 1930.0  0.11570588434308238E+01
 1950.0  0.11570588434308238E+01
 1970.0  0.11570588434308238E+01
 1990.0  0.11570588434308238E+01
 2010.0  0.11570588434308238E+01
 2030.0  0.11570588434308238E+01
 2050.0  0.11570588434308238E+01
 2070.0  0.11570588434308238E+01
 2090.0  0.11570588434308238E+01
 2110.0  0.11570588434308238E+01
 2130.0  0.11570588434308238E+01
 2150.0  0.11570588434308238E+01
 2170.0  0.11570588434308238E+01
 2190.0  0.11570588434308238E+01
 2210.0  0.11570588434308238E+01
 2230.0  0.11570588434308238E+01
 2250.0  0.11570588434308238E+01
 2270.0  0.11570588434308238E+01
 2290.0  0.11570588434308238E+01
 2310.0  0.11570588434308238E+01
 2330.0  0.11570588434308238E+01
 2350.0  0.11570588434308238E+01
 2370.0  0.11570588434308238E+01
 2390.0  0.11570588434308238E+01
 2410.0  0.11570588434308238E+01
 2430.0  0.11570588434308238E+01
 2450.0  0.11570588434308238E+01
 2470.0  0.11570588434308238E+01
 2490.0  0.11570588434308238E+01
 2510.0  0.11570588434308238E+01
 2530.0  0.11570588434308238E+01
 2550.0  0.11570588434308238E+01
