#  time   UTC #zbase #cloud zbaseavg max_ztop cld_hght max_hght qlintmax qlintavg allqlmax allqlavg
    60. 12.02   0.00   0.00      0.0      0.0      0.0      0.0   0.0000   0.0000   0.0000   0.0000
   120. 12.03   0.00   0.00      0.0      0.0      0.0      0.0   0.0000   0.0000   0.0000   0.0000
   180. 12.05   0.00   0.00      0.0      0.0      0.0      0.0   0.0000   0.0000   0.0000   0.0000
   240. 12.07   0.00   0.00      0.0      0.0      0.0      0.0   0.0000   0.0000   0.0000   0.0000
   300. 12.08   0.00   0.00      0.0      0.0      0.0      0.0   0.0000   0.0000   0.0000   0.0000
   360. 12.10   0.00   0.00      0.0      0.0      0.0      0.0   0.0000   0.0000   0.0000   0.0000
   420. 12.12   0.00   0.00      0.0      0.0      0.0      0.0   0.0000   0.0000   0.0000   0.0000
   480. 12.13   0.00   0.00      0.0      0.0      0.0      0.0   0.0000   0.0000   0.0000   0.0000
   540. 12.15   0.00   0.00      0.0      0.0      0.0      0.0   0.0000   0.0000   0.0000   0.0000
   600. 12.17   0.00   0.00      0.0      0.0      0.0      0.0   0.0000   0.0000   0.0000   0.0000
   660. 12.18   0.00   0.00      0.0      0.0      0.0      0.0   0.0000   0.0000   0.0000   0.0000
   720. 12.20   0.00   0.00      0.0      0.0      0.0      0.0   0.0000   0.0000   0.0000   0.0000
   780. 12.22   0.00   0.00      0.0      0.0      0.0      0.0   0.0000   0.0000   0.0000   0.0000
   840. 12.23   0.00   0.00      0.0      0.0      0.0      0.0   0.0000   0.0000   0.0000   0.0000
   900. 12.25   0.00   0.00      0.0      0.0      0.0      0.0   0.0000   0.0000   0.0000   0.0000
   960. 12.27   0.00   0.00      0.0      0.0      0.0      0.0   0.0000   0.0000   0.0000   0.0000
  1020. 12.28   0.00   0.00      0.0      0.0      0.0      0.0   0.0000   0.0000   0.0000   0.0000
  1080. 12.30   0.00   0.00      0.0      0.0      0.0      0.0   0.0000   0.0000   0.0000   0.0000
  1140. 12.32   0.00   0.00      0.0      0.0      0.0      0.0   0.0000   0.0000   0.0000   0.0000
  1200. 12.33   0.00   0.00      0.0      0.0      0.0      0.0   0.0000   0.0000   0.0000   0.0000
  1260. 12.35   0.00   0.00      0.0      0.0      0.0      0.0   0.0000   0.0000   0.0000   0.0000
  1320. 12.37   0.00   0.00      0.0      0.0      0.0      0.0   0.0000   0.0000   0.0000   0.0000
  1380. 12.38   0.00   0.00      0.0      0.0      0.0      0.0   0.0000   0.0000   0.0000   0.0000
  1440. 12.40   0.00   0.00      0.0      0.0      0.0      0.0   0.0000   0.0000   0.0000   0.0000
  1500. 12.42   0.00   0.00      0.0      0.0      0.0      0.0   0.0000   0.0000   0.0000   0.0000
  1560. 12.43   0.00   0.00      0.0      0.0      0.0      0.0   0.0000   0.0000   0.0000   0.0000
  1620. 12.45   0.00   0.00      0.0      0.0      0.0      0.0   0.0000   0.0000   0.0000   0.0000
  1680. 12.47   0.00   0.00      0.0      0.0      0.0      0.0   0.0000   0.0000   0.0000   0.0000
  1740. 12.48   0.00   0.00      0.0      0.0      0.0      0.0   0.0000   0.0000   0.0000   0.0000
  1800. 12.50   0.00   0.00      0.0      0.0      0.0      0.0   0.0000   0.0000   0.0000   0.0000
  1860. 12.52   0.00   0.00      0.0      0.0      0.0      0.0   0.0000   0.0000   0.0000   0.0000
  1920. 12.53   0.00   0.00      0.0      0.0      0.0      0.0   0.0000   0.0000   0.0000   0.0000
  1980. 12.55   0.00   0.00      0.0      0.0      0.0      0.0   0.0000   0.0000   0.0000   0.0000
  2040. 12.57   0.00   0.00      0.0      0.0      0.0      0.0   0.0000   0.0000   0.0000   0.0000
  2100. 12.58   0.00   0.00      0.0      0.0      0.0      0.0   0.0000   0.0000   0.0000   0.0000
  2160. 12.60   0.00   0.00      0.0      0.0      0.0      0.0   0.0000   0.0000   0.0000   0.0000
  2220. 12.62   0.00   0.00      0.0      0.0      0.0      0.0   0.0000   0.0000   0.0000   0.0000
  2280. 12.63   0.00   0.00      0.0      0.0      0.0      0.0   0.0000   0.0000   0.0000   0.0000
  2340. 12.65   0.00   0.00      0.0      0.0      0.0      0.0   0.0000   0.0000   0.0000   0.0000
  2400. 12.67   0.00   0.00      0.0      0.0      0.0      0.0   0.0000   0.0000   0.0000   0.0000
  2460. 12.68   0.00   0.00      0.0      0.0      0.0      0.0   0.0000   0.0000   0.0000   0.0000
  2520. 12.70   0.00   0.00      0.0      0.0      0.0      0.0   0.0000   0.0000   0.0000   0.0000
  2580. 12.72   0.00   0.00      0.0      0.0      0.0      0.0   0.0000   0.0000   0.0000   0.0000
  2640. 12.73   0.00   0.00      0.0      0.0      0.0      0.0   0.0000   0.0000   0.0000   0.0000
  2700. 12.75   0.00   0.00      0.0      0.0      0.0      0.0   0.0000   0.0000   0.0000   0.0000
  2760. 12.77   0.00   0.00      0.0      0.0      0.0      0.0   0.0000   0.0000   0.0000   0.0000
  2820. 12.78   0.00   0.00      0.0      0.0      0.0      0.0   0.0000   0.0000   0.0000   0.0000
  2880. 12.80   0.00   0.00      0.0      0.0      0.0      0.0   0.0000   0.0000   0.0000   0.0000
  2940. 12.82   0.00   0.00      0.0      0.0      0.0      0.0   0.0000   0.0000   0.0000   0.0000
  3000. 12.83   0.00   0.00      0.0      0.0      0.0      0.0   0.0000   0.0000   0.0000   0.0000
  3060. 12.85   0.00   0.00      0.0      0.0      0.0      0.0   0.0000   0.0000   0.0000   0.0000
  3120. 12.87   0.00   0.00      0.0      0.0      0.0      0.0   0.0000   0.0000   0.0000   0.0000
  3180. 12.88   0.00   0.00      0.0      0.0      0.0      0.0   0.0000   0.0000   0.0000   0.0000
  3240. 12.90   0.00   0.00      0.0      0.0      0.0      0.0   0.0000   0.0000   0.0000   0.0000
  3300. 12.92   0.00   0.00      0.0      0.0      0.0      0.0   0.0000   0.0000   0.0000   0.0000
  3360. 12.93   0.00   0.00      0.0      0.0      0.0      0.0   0.0000   0.0000   0.0000   0.0000
  3420. 12.95   0.00   0.00      0.0      0.0      0.0      0.0   0.0000   0.0000   0.0000   0.0000
  3480. 12.97   0.00   0.00      0.0      0.0      0.0      0.0   0.0000   0.0000   0.0000   0.0000
  3540. 12.98   0.00   0.00      0.0      0.0      0.0      0.0   0.0000   0.0000   0.0000   0.0000
  3600. 13.00   0.00   0.00      0.0      0.0      0.0      0.0   0.0000   0.0000   0.0000   0.0000
  3660. 13.02   0.00   0.00      0.0      0.0      0.0      0.0   0.0000   0.0000   0.0000   0.0000
  3720. 13.03   0.00   0.00      0.0      0.0      0.0      0.0   0.0000   0.0000   0.0000   0.0000
  3780. 13.05   0.00   0.00      0.0      0.0      0.0      0.0   0.0000   0.0000   0.0000   0.0000
  3840. 13.07   0.00   0.00      0.0      0.0      0.0      0.0   0.0000   0.0000   0.0000   0.0000
  3900. 13.08   0.00   0.00      0.0      0.0      0.0      0.0   0.0000   0.0000   0.0000   0.0000
  3960. 13.10   0.00   0.00      0.0      0.0      0.0      0.0   0.0000   0.0000   0.0000   0.0000
  4020. 13.12   0.00   0.00      0.0      0.0      0.0      0.0   0.0000   0.0000   0.0000   0.0000
  4080. 13.13   0.00   0.00      0.0      0.0      0.0      0.0   0.0000   0.0000   0.0000   0.0000
  4140. 13.15   0.00   0.00      0.0      0.0      0.0      0.0   0.0000   0.0000   0.0000   0.0000
  4200. 13.17   0.00   0.00      0.0      0.0      0.0      0.0   0.0000   0.0000   0.0000   0.0000
  4260. 13.18   0.00   0.00      0.0      0.0      0.0      0.0   0.0000   0.0000   0.0000   0.0000
  4320. 13.20   0.00   0.00      0.0      0.0      0.0      0.0   0.0000   0.0000   0.0000   0.0000
  4380. 13.22   0.00   0.00      0.0      0.0      0.0      0.0   0.0000   0.0000   0.0000   0.0000
  4440. 13.23   0.00   0.00      0.0      0.0      0.0      0.0   0.0000   0.0000   0.0000   0.0000
  4500. 13.25   0.00   0.00      0.0      0.0      0.0      0.0   0.0000   0.0000   0.0000   0.0000
  4560. 13.27   0.00   0.00      0.0      0.0      0.0      0.0   0.0000   0.0000   0.0000   0.0000
  4620. 13.28   0.00   0.00      0.0      0.0      0.0      0.0   0.0000   0.0000   0.0000   0.0000
  4680. 13.30   0.00   0.00      0.0      0.0      0.0      0.0   0.0000   0.0000   0.0000   0.0000
  4740. 13.32   0.00   0.00      0.0      0.0      0.0      0.0   0.0000   0.0000   0.0000   0.0000
  4800. 13.33   0.00   0.00      0.0      0.0      0.0      0.0   0.0000   0.0000   0.0000   0.0000
  4860. 13.35   0.00   0.00      0.0      0.0      0.0      0.0   0.0000   0.0000   0.0000   0.0000
  4920. 13.37   0.00   0.00      0.0      0.0      0.0      0.0   0.0000   0.0000   0.0000   0.0000
  4980. 13.38   0.00   0.00      0.0      0.0      0.0      0.0   0.0000   0.0000   0.0000   0.0000
  5040. 13.40   0.00   0.00      0.0      0.0      0.0      0.0   0.0000   0.0000   0.0000   0.0000
  5100. 13.42   0.00   0.00      0.0      0.0      0.0      0.0   0.0000   0.0000   0.0000   0.0000
  5160. 13.43   0.00   0.00      0.0      0.0      0.0      0.0   0.0000   0.0000   0.0000   0.0000
  5220. 13.45   0.00   0.00      0.0      0.0      0.0      0.0   0.0000   0.0000   0.0000   0.0000
  5280. 13.47   0.00   0.00      0.0      0.0      0.0      0.0   0.0000   0.0000   0.0000   0.0000
  5340. 13.48   0.00   0.00      0.0      0.0      0.0      0.0   0.0000   0.0000   0.0000   0.0000
  5400. 13.50   0.00   0.00      0.0      0.0      0.0      0.0   0.0000   0.0000   0.0000   0.0000
  5460. 13.52   0.00   0.00      0.0      0.0      0.0      0.0   0.0000   0.0000   0.0000   0.0000
  5520. 13.53   0.00   0.00      0.0      0.0      0.0      0.0   0.0000   0.0000   0.0000   0.0000
  5580. 13.55   0.00   0.00      0.0      0.0      0.0      0.0   0.0000   0.0000   0.0000   0.0000
  5640. 13.57   0.00   0.00      0.0      0.0      0.0      0.0   0.0000   0.0000   0.0000   0.0000
  5700. 13.58   0.00   0.00      0.0      0.0      0.0      0.0   0.0000   0.0000   0.0000   0.0000
  5760. 13.60   0.00   0.00      0.0      0.0      0.0      0.0   0.0000   0.0000   0.0000   0.0000
  5820. 13.62   0.00   0.00      0.0      0.0      0.0      0.0   0.0000   0.0000   0.0000   0.0000
  5880. 13.63   0.00   0.00      0.0      0.0      0.0      0.0   0.0000   0.0000   0.0000   0.0000
  5940. 13.65   0.00   0.00      0.0      0.0      0.0      0.0   0.0000   0.0000   0.0000   0.0000
  6000. 13.67   0.00   0.00      0.0      0.0      0.0      0.0   0.0000   0.0000   0.0000   0.0000
  6060. 13.68   0.00   0.00      0.0      0.0      0.0      0.0   0.0000   0.0000   0.0000   0.0000
  6120. 13.70   0.00   0.00      0.0      0.0      0.0      0.0   0.0000   0.0000   0.0000   0.0000
  6180. 13.72   0.00   0.00      0.0      0.0      0.0      0.0   0.0000   0.0000   0.0000   0.0000
  6240. 13.73   0.00   0.00      0.0      0.0      0.0      0.0   0.0000   0.0000   0.0000   0.0000
  6300. 13.75   0.00   0.00      0.0      0.0      0.0      0.0   0.0000   0.0000   0.0000   0.0000
  6360. 13.77   0.00   0.00      0.0      0.0      0.0      0.0   0.0000   0.0000   0.0000   0.0000
  6420. 13.78   0.00   0.00      0.0      0.0      0.0      0.0   0.0000   0.0000   0.0000   0.0000
  6480. 13.80   0.00   0.00      0.0      0.0      0.0      0.0   0.0000   0.0000   0.0000   0.0000
  6540. 13.82   0.00   0.00      0.0      0.0      0.0      0.0   0.0000   0.0000   0.0000   0.0000
  6600. 13.83   0.00   0.00      0.0      0.0      0.0      0.0   0.0000   0.0000   0.0000   0.0000
  6660. 13.85   0.00   0.00      0.0      0.0      0.0      0.0   0.0000   0.0000   0.0000   0.0000
  6720. 13.87   0.00   0.00      0.0      0.0      0.0      0.0   0.0000   0.0000   0.0000   0.0000
  6780. 13.88   0.00   0.00      0.0      0.0      0.0      0.0   0.0000   0.0000   0.0000   0.0000
  6840. 13.90   0.00   0.00      0.0      0.0      0.0      0.0   0.0000   0.0000   0.0000   0.0000
  6900. 13.92   0.00   0.00      0.0      0.0      0.0      0.0   0.0000   0.0000   0.0000   0.0000
  6960. 13.93   0.00   0.00      0.0      0.0      0.0      0.0   0.0000   0.0000   0.0000   0.0000
  7020. 13.95   0.00   0.00      0.0      0.0      0.0      0.0   0.0000   0.0000   0.0000   0.0000
  7080. 13.97   0.00   0.00      0.0      0.0      0.0      0.0   0.0000   0.0000   0.0000   0.0000
  7140. 13.98   0.00   0.00      0.0      0.0      0.0      0.0   0.0000   0.0000   0.0000   0.0000
  7200. 14.00   0.00   0.00      0.0      0.0      0.0      0.0   0.0000   0.0000   0.0000   0.0000
  7260. 14.02   0.00   0.00      0.0      0.0      0.0      0.0   0.0000   0.0000   0.0000   0.0000
  7320. 14.03   0.00   0.00      0.0      0.0      0.0      0.0   0.0000   0.0000   0.0000   0.0000
  7380. 14.05   0.00   0.00      0.0      0.0      0.0      0.0   0.0000   0.0000   0.0000   0.0000
  7440. 14.07   0.00   0.00      0.0      0.0      0.0      0.0   0.0000   0.0000   0.0000   0.0000
  7500. 14.08   0.00   0.00      0.0      0.0      0.0      0.0   0.0000   0.0000   0.0000   0.0000
  7560. 14.10   0.00   0.00      0.0      0.0      0.0      0.0   0.0000   0.0000   0.0000   0.0000
  7620. 14.12   0.00   0.00      0.0      0.0      0.0      0.0   0.0000   0.0000   0.0000   0.0000
  7680. 14.13   0.00   0.00      0.0      0.0      0.0      0.0   0.0000   0.0000   0.0000   0.0000
  7740. 14.15   0.00   0.00      0.0      0.0      0.0      0.0   0.0000   0.0000   0.0000   0.0000
  7800. 14.17   0.00   0.00      0.0      0.0      0.0      0.0   0.0000   0.0000   0.0000   0.0000
  7860. 14.18   0.00   0.00      0.0      0.0      0.0      0.0   0.0000   0.0000   0.0000   0.0000
  7920. 14.20   0.00   0.00      0.0      0.0      0.0      0.0   0.0000   0.0000   0.0000   0.0000
  7980. 14.22   0.00   0.00      0.0      0.0      0.0      0.0   0.0000   0.0000   0.0000   0.0000
  8040. 14.23   0.00   0.00      0.0      0.0      0.0      0.0   0.0000   0.0000   0.0000   0.0000
  8100. 14.25   0.00   0.00      0.0      0.0      0.0      0.0   0.0000   0.0000   0.0000   0.0000
  8160. 14.27   0.00   0.00      0.0      0.0      0.0      0.0   0.0000   0.0000   0.0000   0.0000
  8220. 14.28   0.00   0.00      0.0      0.0      0.0      0.0   0.0000   0.0000   0.0000   0.0000
  8280. 14.30   0.00   0.00      0.0      0.0      0.0      0.0   0.0000   0.0000   0.0000   0.0000
  8340. 14.32   0.00   0.00      0.0      0.0      0.0      0.0   0.0000   0.0000   0.0000   0.0000
  8400. 14.33   0.00   0.00      0.0      0.0      0.0      0.0   0.0000   0.0000   0.0000   0.0000
  8460. 14.35   0.00   0.00      0.0      0.0      0.0      0.0   0.0000   0.0000   0.0000   0.0000
  8520. 14.37   0.00   0.00      0.0      0.0      0.0      0.0   0.0000   0.0000   0.0000   0.0000
  8580. 14.38   0.00   0.00      0.0      0.0      0.0      0.0   0.0000   0.0000   0.0000   0.0000
  8640. 14.40   0.00   0.00      0.0      0.0      0.0      0.0   0.0000   0.0000   0.0000   0.0000
  8700. 14.42   0.00   0.00      0.0      0.0      0.0      0.0   0.0000   0.0000   0.0000   0.0000
  8760. 14.43   0.00   0.00      0.0      0.0      0.0      0.0   0.0000   0.0000   0.0000   0.0000
  8820. 14.45   0.00   0.00      0.0      0.0      0.0      0.0   0.0000   0.0000   0.0000   0.0000
  8880. 14.47   0.00   0.00      0.0      0.0      0.0      0.0   0.0000   0.0000   0.0000   0.0000
  8940. 14.48   0.00   0.00      0.0      0.0      0.0      0.0   0.0000   0.0000   0.0000   0.0000
  9000. 14.50   0.00   0.00      0.0      0.0      0.0      0.0   0.0000   0.0000   0.0000   0.0000
  9060. 14.52   0.00   0.00      0.0      0.0      0.0      0.0   0.0000   0.0000   0.0000   0.0000
  9120. 14.53   0.00   0.00      0.0      0.0      0.0      0.0   0.0000   0.0000   0.0000   0.0000
  9180. 14.55   0.00   0.00      0.0      0.0      0.0      0.0   0.0000   0.0000   0.0000   0.0000
  9240. 14.57   0.00   0.00      0.0      0.0      0.0      0.0   0.0000   0.0000   0.0000   0.0000
  9300. 14.58   0.00   0.00      0.0      0.0      0.0      0.0   0.0000   0.0000   0.0000   0.0000
  9360. 14.60   0.00   0.00      0.0      0.0      0.0      0.0   0.0000   0.0000   0.0000   0.0000
  9420. 14.62   0.00   0.00      0.0      0.0      0.0      0.0   0.0000   0.0000   0.0000   0.0000
  9480. 14.63   0.00   0.00      0.0      0.0      0.0      0.0   0.0000   0.0000   0.0000   0.0000
  9540. 14.65   0.00   0.00      0.0      0.0      0.0      0.0   0.0000   0.0000   0.0000   0.0000
  9600. 14.67   0.00   0.00      0.0      0.0      0.0      0.0   0.0000   0.0000   0.0000   0.0000
  9660. 14.68   0.00   0.00      0.0      0.0      0.0      0.0   0.0000   0.0000   0.0000   0.0000
  9720. 14.70   0.00   0.00      0.0      0.0      0.0      0.0   0.0000   0.0000   0.0000   0.0000
  9780. 14.72   0.00   0.00      0.0      0.0      0.0      0.0   0.0000   0.0000   0.0000   0.0000
  9840. 14.73   0.00   0.00      0.0      0.0      0.0      0.0   0.0000   0.0000   0.0000   0.0000
  9900. 14.75   0.00   0.00      0.0      0.0      0.0      0.0   0.0000   0.0000   0.0000   0.0000
  9960. 14.77   0.00   0.00      0.0      0.0      0.0      0.0   0.0000   0.0000   0.0000   0.0000
 10020. 14.78   0.00   0.00      0.0      0.0      0.0      0.0   0.0000   0.0000   0.0000   0.0000
 10080. 14.80   0.00   0.00      0.0      0.0      0.0      0.0   0.0000   0.0000   0.0000   0.0000
 10140. 14.82   0.00   0.00      0.0      0.0      0.0      0.0   0.0000   0.0000   0.0000   0.0000
 10200. 14.83   0.00   0.00      0.0      0.0      0.0      0.0   0.0000   0.0000   0.0000   0.0000
 10260. 14.85   0.00   0.00      0.0      0.0      0.0      0.0   0.0000   0.0000   0.0000   0.0000
 10320. 14.87   0.00   0.00      0.0      0.0      0.0      0.0   0.0000   0.0000   0.0000   0.0000
 10380. 14.88   0.00   0.00      0.0      0.0      0.0      0.0   0.0000   0.0000   0.0000   0.0000
 10440. 14.90   0.00   0.00      0.0      0.0      0.0      0.0   0.0000   0.0000   0.0000   0.0000
 10500. 14.92   0.00   0.00      0.0      0.0      0.0      0.0   0.0000   0.0000   0.0000   0.0000
 10560. 14.93   0.00   0.00      0.0      0.0      0.0      0.0   0.0000   0.0000   0.0000   0.0000
 10620. 14.95   0.00   0.00      0.0      0.0      0.0      0.0   0.0000   0.0000   0.0000   0.0000
 10680. 14.97   0.00   0.00      0.0      0.0      0.0      0.0   0.0000   0.0000   0.0000   0.0000
 10740. 14.98   0.00   0.00      0.0      0.0      0.0      0.0   0.0000   0.0000   0.0000   0.0000
 10800. 15.00   0.00   0.00      0.0      0.0      0.0      0.0   0.0000   0.0000   0.0000   0.0000
 10860. 15.02   0.00   0.00      0.0      0.0      0.0      0.0   0.0000   0.0000   0.0000   0.0000
 10920. 15.03   0.00   0.00      0.0      0.0      0.0      0.0   0.0000   0.0000   0.0000   0.0000
 10980. 15.05   0.00   0.00      0.0      0.0      0.0      0.0   0.0000   0.0000   0.0000   0.0000
 11040. 15.07   0.00   0.00      0.0      0.0      0.0      0.0   0.0000   0.0000   0.0000   0.0000
 11100. 15.08   0.00   0.00      0.0      0.0      0.0      0.0   0.0000   0.0000   0.0000   0.0000
 11160. 15.10   0.00   0.00      0.0      0.0      0.0      0.0   0.0000   0.0000   0.0000   0.0000
 11220. 15.12   0.00   0.00      0.0      0.0      0.0      0.0   0.0000   0.0000   0.0000   0.0000
 11280. 15.13   0.00   0.00      0.0      0.0      0.0      0.0   0.0000   0.0000   0.0000   0.0000
 11340. 15.15   0.00   0.00      0.0      0.0      0.0      0.0   0.0000   0.0000   0.0000   0.0000
 11400. 15.17   0.00   0.00      0.0      0.0      0.0      0.0   0.0000   0.0000   0.0000   0.0000
 11460. 15.18   0.00   0.00      0.0      0.0      0.0      0.0   0.0000   0.0000   0.0000   0.0000
 11520. 15.20   0.00   0.00      0.0      0.0      0.0      0.0   0.0000   0.0000   0.0000   0.0000
 11580. 15.22   0.00   0.00      0.0      0.0      0.0      0.0   0.0000   0.0000   0.0000   0.0000
 11640. 15.23   0.00   0.00      0.0      0.0      0.0      0.0   0.0000   0.0000   0.0000   0.0000
 11700. 15.25   0.00   0.00      0.0      0.0      0.0      0.0   0.0000   0.0000   0.0000   0.0000
 11760. 15.27   0.00   0.00      0.0      0.0      0.0      0.0   0.0000   0.0000   0.0000   0.0000
 11820. 15.28   0.00   0.00      0.0      0.0      0.0      0.0   0.0000   0.0000   0.0000   0.0000
 11880. 15.30   0.00   0.00      0.0      0.0      0.0      0.0   0.0000   0.0000   0.0000   0.0000
 11940. 15.32   0.00   0.00      0.0      0.0      0.0      0.0   0.0000   0.0000   0.0000   0.0000
 12000. 15.33   0.00   0.00      0.0      0.0      0.0      0.0   0.0000   0.0000   0.0000   0.0000
 12060. 15.35   0.00   0.00      0.0      0.0      0.0      0.0   0.0000   0.0000   0.0000   0.0000
 12120. 15.37   0.00   0.00      0.0      0.0      0.0      0.0   0.0000   0.0000   0.0000   0.0000
 12180. 15.38   0.00   0.00      0.0      0.0      0.0      0.0   0.0000   0.0000   0.0000   0.0000
 12240. 15.40   0.00   0.00      0.0      0.0      0.0      0.0   0.0000   0.0000   0.0000   0.0000
 12300. 15.42   0.00   0.00      0.0      0.0      0.0      0.0   0.0000   0.0000   0.0000   0.0000
 12360. 15.43   0.00   0.00      0.0      0.0      0.0      0.0   0.0000   0.0000   0.0000   0.0000
 12420. 15.45   0.00   0.00      0.0      0.0      0.0      0.0   0.0000   0.0000   0.0000   0.0000
 12480. 15.47   0.00   0.00      0.0      0.0      0.0      0.0   0.0000   0.0000   0.0000   0.0000
 12540. 15.48   0.00   0.00      0.0      0.0      0.0      0.0   0.0000   0.0000   0.0000   0.0000
 12600. 15.50   0.00   0.00      0.0      0.0      0.0      0.0   0.0000   0.0000   0.0000   0.0000
 12660. 15.52   0.00   0.00      0.0      0.0      0.0      0.0   0.0000   0.0000   0.0000   0.0000
 12720. 15.53   0.00   0.00      0.0      0.0      0.0      0.0   0.0000   0.0000   0.0000   0.0000
 12780. 15.55   0.00   0.00      0.0      0.0      0.0      0.0   0.0000   0.0000   0.0000   0.0000
 12840. 15.57   0.00   0.00      0.0      0.0      0.0      0.0   0.0000   0.0000   0.0000   0.0000
 12900. 15.58   0.00   0.00      0.0      0.0      0.0      0.0   0.0000   0.0000   0.0000   0.0000
 12960. 15.60   0.00   0.00      0.0      0.0      0.0      0.0   0.0000   0.0000   0.0000   0.0000
 13020. 15.62   0.00   0.00      0.0      0.0      0.0      0.0   0.0000   0.0000   0.0000   0.0000
 13080. 15.63   0.00   0.00      0.0      0.0      0.0      0.0   0.0000   0.0000   0.0000   0.0000
 13140. 15.65   0.00   0.00      0.0      0.0      0.0      0.0   0.0000   0.0000   0.0000   0.0000
 13200. 15.67   0.00   0.00      0.0      0.0      0.0      0.0   0.0000   0.0000   0.0000   0.0000
 13260. 15.68   0.00   0.00      0.0      0.0      0.0      0.0   0.0000   0.0000   0.0000   0.0000
 13320. 15.70   0.00   0.00      0.0      0.0      0.0      0.0   0.0000   0.0000   0.0000   0.0000
 13380. 15.72   0.00   0.00      0.0      0.0      0.0      0.0   0.0000   0.0000   0.0000   0.0000
 13440. 15.73   0.00   0.00      0.0      0.0      0.0      0.0   0.0000   0.0000   0.0000   0.0000
 13500. 15.75   0.00   0.00      0.0      0.0      0.0      0.0   0.0000   0.0000   0.0000   0.0000
 13560. 15.77   0.00   0.00      0.0      0.0      0.0      0.0   0.0000   0.0000   0.0000   0.0000
 13620. 15.78   0.00   0.00      0.0      0.0      0.0      0.0   0.0000   0.0000   0.0000   0.0000
 13680. 15.80   0.00   0.00      0.0      0.0      0.0      0.0   0.0000   0.0000   0.0000   0.0000
 13740. 15.82   0.00   0.00      0.0      0.0      0.0      0.0   0.0000   0.0000   0.0000   0.0000
 13800. 15.83   0.00   0.00      0.0      0.0      0.0      0.0   0.0000   0.0000   0.0000   0.0000
 13860. 15.85   0.00   0.00      0.0      0.0      0.0      0.0   0.0000   0.0000   0.0000   0.0000
 13920. 15.87   0.00   0.00      0.0      0.0      0.0      0.0   0.0000   0.0000   0.0000   0.0000
 13980. 15.88   0.00   0.00      0.0      0.0      0.0      0.0   0.0000   0.0000   0.0000   0.0000
 14040. 15.90   0.00   0.00      0.0      0.0      0.0      0.0   0.0000   0.0000   0.0000   0.0000
 14100. 15.92   0.00   0.00      0.0      0.0      0.0      0.0   0.0000   0.0000   0.0000   0.0000
 14160. 15.93   0.00   0.00      0.0      0.0      0.0      0.0   0.0000   0.0000   0.0000   0.0000
 14220. 15.95   0.00   0.00      0.0      0.0      0.0      0.0   0.0000   0.0000   0.0000   0.0000
 14280. 15.97   0.00   0.00      0.0      0.0      0.0      0.0   0.0000   0.0000   0.0000   0.0000
 14340. 15.98   0.00   0.00      0.0      0.0      0.0      0.0   0.0000   0.0000   0.0000   0.0000
 14400. 16.00   0.00   0.00      0.0      0.0      0.0      0.0   0.0000   0.0000   0.0000   0.0000
