#Time [s] z_i [m]  IsegR001 [-]  IsegR002 [-]  IsegR003 [-]  IsegR004 [-]  IsegR005 [-]  IsegR006 [-]  IsegR007 [-]  IsegR008 [-]  IsegR009 [-]  IsegR010 [-]  IsegR011 [-]  IsegR012 [-]  IsegR013 [-]  IsegR014 [-]  IsegR015 [-]  IsegR016 [-]  IsegR017 [-]  IsegR018 [-]  IsegR019 [-]
    60.00  998.25  0.000000E+00  -.374401E-04  -.362916E-15  0.907289E-15  0.000000E+00  0.000000E+00  -.715091E-08  -.236672E-10  -.740060E-02  -.106576E-04  -.243876E-04  -.386533E-03  0.275009E-04  -.553634E-03  0.322413E-04  0.278585E-03  -.340399E-04  -.177103E-03  0.298586E-05
   120.00  998.03  0.000000E+00  -.778997E-04  -.714253E-15  0.214276E-14  0.152368E-15  0.000000E+00  -.645369E-07  -.688733E-09  -.164673E-01  0.893956E-05  0.471175E-04  -.633922E-03  0.684841E-04  -.886551E-03  0.537351E-04  -.195577E-04  0.783119E-04  -.819195E-03  0.206349E-04
   180.00  999.17  0.213845E-15  -.118297E-03  -.159180E-14  0.406793E-14  0.000000E+00  0.000000E+00  -.234317E-06  -.309696E-08  -.255911E-01  0.736283E-04  0.189908E-03  -.916189E-03  0.194548E-03  -.101709E-02  0.110533E-03  -.410810E-03  0.244741E-03  -.166803E-02  0.550882E-04
   240.00 1001.33  0.000000E+00  -.160042E-03  -.245630E-14  0.596530E-14  0.000000E+00  0.000000E+00  -.576812E-06  -.864957E-08  -.343171E-01  0.656352E-03  0.561433E-03  -.471655E-02  0.107611E-02  -.536689E-03  0.229071E-03  -.180104E-02  0.630394E-03  -.185927E-02  0.149907E-03
   300.00 1002.14  0.000000E+00  -.193273E-03  -.313863E-14  0.784657E-14  0.000000E+00  -.196224E-15  -.109709E-05  -.174322E-07  -.436054E-01  0.710187E-03  0.650002E-03  -.608080E-02  0.129357E-02  -.551414E-03  0.252665E-03  -.237438E-02  0.798914E-03  -.233814E-02  0.201294E-03
   360.00  998.49  0.000000E+00  -.220959E-03  -.400284E-14  0.104422E-13  0.000000E+00  0.000000E+00  -.172023E-05  -.274452E-07  -.540983E-01  -.525036E-03  0.163754E-03  -.154924E-03  -.167835E-03  -.185440E-02  0.126641E-03  -.109261E-02  0.537229E-03  -.392972E-02  0.923564E-04
   420.00  997.14  0.000000E+00  -.249204E-03  -.450422E-14  0.123000E-13  0.172529E-15  0.000000E+00  -.255537E-05  -.416682E-07  -.634198E-01  -.875675E-03  0.102004E-03  0.240162E-03  -.382577E-03  -.219824E-02  0.124218E-03  -.124868E-02  0.615287E-03  -.451220E-02  0.901387E-04
   480.00  998.43  0.000000E+00  -.275947E-03  -.567322E-14  0.137533E-13  0.000000E+00  0.000000E+00  -.353402E-05  -.581839E-07  -.720472E-01  -.125114E-02  0.771019E-04  0.498032E-03  -.534017E-03  -.250692E-02  0.130675E-03  -.139803E-02  0.696549E-03  -.505428E-02  0.980705E-04
   540.00  997.72  0.000000E+00  -.297677E-03  -.649430E-14  0.152103E-13  -.168156E-15  0.000000E+00  -.464356E-05  -.765465E-07  -.798603E-01  -.164601E-02  0.440245E-04  0.819850E-03  -.710425E-03  -.277836E-02  0.131067E-03  -.148668E-02  0.750799E-03  -.557794E-02  0.988554E-04
   600.00  998.48  0.000000E+00  -.315161E-03  -.712332E-14  0.166211E-13  -.166448E-15  0.000000E+00  -.584654E-05  -.957220E-07  -.864657E-01  -.205819E-02  0.385898E-04  0.102607E-02  -.833582E-03  -.300991E-02  0.131435E-03  -.154193E-02  0.786127E-03  -.609572E-02  0.108401E-03
   660.00  998.99  0.000000E+00  -.326301E-03  -.791145E-14  0.178429E-13  0.000000E+00  0.000000E+00  -.712573E-05  -.115308E-06  -.918412E-01  -.247458E-02  0.455640E-04  0.117704E-02  -.930451E-03  -.319855E-02  0.128747E-03  -.155615E-02  0.797422E-03  -.659545E-02  0.120889E-03
   720.00  999.96  0.201856E-15  -.331488E-03  -.818131E-14  0.187001E-13  -.163730E-15  0.000000E+00  -.845506E-05  -.134846E-06  -.960303E-01  -.290952E-02  0.616648E-04  0.127942E-02  -.100050E-02  -.337231E-02  0.124057E-03  -.153627E-02  0.789156E-03  -.708666E-02  0.136073E-03
   780.00 1002.08  0.000000E+00  -.304614E-03  -.975974E-14  0.239858E-13  0.000000E+00  0.000000E+00  -.989728E-05  -.156664E-06  -.988302E-01  -.295582E-02  0.270490E-03  -.124817E-02  -.433441E-03  -.312255E-02  0.155024E-03  -.195767E-02  0.883068E-03  -.714395E-02  0.274542E-03
   840.00 1003.54  0.000000E+00  -.272969E-03  -.103312E-13  0.301735E-13  0.000000E+00  0.000000E+00  -.113309E-04  -.177866E-06  -.100908E+00  -.315429E-02  0.425707E-03  -.298066E-02  -.314726E-04  -.302239E-02  0.175998E-03  -.222111E-02  0.935670E-03  -.730810E-02  0.385847E-03
   900.00 1008.64  0.000000E+00  -.169187E-03  -.136075E-13  0.523242E-13  0.000000E+00  -.142210E-15  -.129052E-04  -.203680E-06  -.101547E+00  -.268785E-02  0.929084E-03  -.967930E-02  0.157855E-02  -.224020E-02  0.265891E-03  -.335168E-02  0.120529E-02  -.674350E-02  0.754693E-03
   960.00 1017.81  0.000000E+00  0.453625E-04  -.215216E-13  0.104420E-12  0.000000E+00  0.000000E+00  -.147303E-04  -.237753E-06  -.100567E+00  -.128481E-02  0.183705E-02  -.234214E-01  0.481432E-02  -.516212E-03  0.433367E-03  -.567065E-02  0.175964E-02  -.518109E-02  0.146566E-02
  1020.00 1046.60  0.000000E+00  0.111033E-02  -.675449E-13  0.412826E-12  -.158273E-15  0.000000E+00  -.233782E-04  -.448284E-06  -.849893E-01  0.156335E-01  0.431897E-02  -.156246E+00  0.273501E-01  0.167640E-01  0.715368E-03  -.164364E-01  0.382509E-02  0.118953E-01  0.505383E-02
  1080.00 1103.74  0.000000E+00  0.322866E-02  -.176994E-12  0.111882E-11  0.000000E+00  0.000000E+00  -.442925E-04  -.971632E-06  -.467865E-01  0.569030E-01  0.809998E-02  -.376409E+00  0.805999E-01  0.583178E-01  0.981186E-03  -.293786E-01  0.743248E-02  0.533054E-01  0.126800E-01
  1140.00 1181.93  0.000000E+00  0.570827E-02  -.321962E-12  0.202514E-11  0.000000E+00  0.000000E+00  -.707194E-04  -.163922E-05  0.281817E-02  0.109838E+00  0.134628E-01  -.522952E+00  0.150845E+00  0.111528E+00  0.137426E-02  -.393054E-01  0.125353E-01  0.106450E+00  0.224691E-01
  1200.00 1231.72  -.159180E-15  0.722457E-02  -.434661E-12  0.270283E-11  0.155845E-15  0.000000E+00  -.868534E-04  -.204889E-05  0.307636E-01  0.137928E+00  0.178201E-01  -.572246E+00  0.190719E+00  0.139829E+00  0.180379E-02  -.459015E-01  0.165242E-01  0.134910E+00  0.285081E-01
  1260.00 1271.57  0.000000E+00  0.841993E-02  -.543678E-12  0.333954E-11  -.310271E-15  0.000000E+00  -.992043E-04  -.236610E-05  0.506881E-01  0.156454E+00  0.220021E-01  -.597472E+00  0.218384E+00  0.158514E+00  0.230952E-02  -.518955E-01  0.202325E-01  0.153879E+00  0.332034E-01
  1320.00 1311.22  0.000000E+00  0.955204E-02  -.661834E-12  0.401617E-11  0.000000E+00  0.000000E+00  -.111358E-03  -.268168E-05  0.701323E-01  0.173982E+00  0.264746E-01  -.617111E+00  0.244353E+00  0.176159E+00  0.291087E-02  -.577116E-01  0.241688E-01  0.171866E+00  0.377685E-01
  1380.00 1336.98  0.000000E+00  0.103724E-01  -.773265E-12  0.463853E-11  0.000000E+00  0.163253E-15  -.119384E-03  -.289492E-05  0.807447E-01  0.181502E+00  0.302754E-01  -.623720E+00  0.256464E+00  0.183736E+00  0.355480E-02  -.633426E-01  0.274167E-01  0.179846E+00  0.407145E-01
  1440.00 1320.85  0.000000E+00  0.102887E-01  -.833262E-12  0.494610E-11  0.306742E-15  0.000000E+00  -.113923E-03  -.276655E-05  0.649988E-01  0.160185E+00  0.309896E-01  -.597722E+00  0.229493E+00  0.162387E+00  0.406715E-02  -.682653E-01  0.275999E-01  0.158985E+00  0.387773E-01
  1500.00 1299.15  0.000000E+00  0.993306E-02  -.872988E-12  0.512810E-11  -.152871E-15  0.000000E+00  -.105468E-03  -.256386E-05  0.465396E-01  0.136191E+00  0.306486E-01  -.562569E+00  0.198480E+00  0.138328E+00  0.449626E-02  -.719587E-01  0.267746E-01  0.135381E+00  0.358883E-01
  1560.00 1283.41  0.000000E+00  0.961011E-02  -.912545E-12  0.530924E-11  0.000000E+00  -.140353E-15  -.983850E-04  -.239727E-05  0.327917E-01  0.117711E+00  0.302745E-01  -.529195E+00  0.174425E+00  0.119782E+00  0.489351E-02  -.747182E-01  0.259959E-01  0.117218E+00  0.335207E-01
  1620.00 1274.74  0.147878E-15  0.943159E-02  -.963723E-12  0.555671E-11  0.000000E+00  0.000000E+00  -.938740E-04  -.229609E-05  0.242106E-01  0.105375E+00  0.302402E-01  -.502326E+00  0.158171E+00  0.107393E+00  0.530062E-02  -.771707E-01  0.256375E-01  0.105132E+00  0.319789E-01
  1680.00 1284.11  0.000000E+00  0.983943E-02  -.107702E-11  0.615265E-11  0.000000E+00  0.000000E+00  -.973610E-04  -.239730E-05  0.272634E-01  0.106140E+00  0.321254E-01  -.500839E+00  0.158826E+00  0.108141E+00  0.592998E-02  -.817085E-01  0.272301E-01  0.106092E+00  0.329136E-01
  1740.00 1276.43  0.000000E+00  0.966945E-02  -.113461E-11  0.643064E-11  0.000000E+00  0.000000E+00  -.935206E-04  -.231136E-05  0.197180E-01  0.960477E-01  0.318487E-01  -.475806E+00  0.145491E+00  0.980257E-01  0.629166E-02  -.833879E-01  0.267585E-01  0.961387E-01  0.315097E-01
  1800.00 1269.85  -.291122E-15  0.949953E-02  -.119374E-11  0.670626E-11  0.000000E+00  0.000000E+00  -.901355E-04  -.223548E-05  0.127812E-01  0.872703E-01  0.314701E-01  -.451417E+00  0.133882E+00  0.892534E-01  0.661109E-02  -.844675E-01  0.262422E-01  0.874571E-01  0.302151E-01
  1860.00 1262.27  0.000000E+00  0.926902E-02  -.124385E-11  0.693782E-11  0.000000E+00  0.000000E+00  -.863978E-04  -.214866E-05  0.510734E-02  0.785114E-01  0.307907E-01  -.424655E+00  0.122389E+00  0.805348E-01  0.685576E-02  -.845041E-01  0.254660E-01  0.787689E-01  0.287885E-01
  1920.00 1261.44  0.000000E+00  0.929500E-02  -.132847E-11  0.735648E-11  0.000000E+00  0.000000E+00  -.860974E-04  -.214693E-05  0.944197E-03  0.743383E-01  0.309631E-01  -.408967E+00  0.116942E+00  0.764530E-01  0.721701E-02  -.856217E-01  0.255208E-01  0.746717E-01  0.283719E-01
  1980.00 1260.72  0.000000E+00  0.930791E-02  -.141485E-11  0.778156E-11  -.149701E-15  0.000000E+00  -.859077E-04  -.214596E-05  -.385118E-02  0.702626E-01  0.310401E-01  -.392691E+00  0.111663E+00  0.725123E-01  0.755495E-02  -.862182E-01  0.254791E-01  0.706838E-01  0.279384E-01
  2040.00 1258.91  0.000000E+00  0.925504E-02  -.149375E-11  0.816591E-11  0.000000E+00  0.000000E+00  -.852377E-04  -.213092E-05  -.983532E-02  0.656076E-01  0.308421E-01  -.373981E+00  0.105704E+00  0.680306E-01  0.783346E-02  -.859591E-01  0.251828E-01  0.661302E-01  0.273079E-01
  2100.00 1256.29  0.000000E+00  0.915746E-02  -.156904E-11  0.852024E-11  0.000000E+00  0.000000E+00  -.844628E-04  -.211145E-05  -.164940E-01  0.608276E-01  0.304462E-01  -.354321E+00  0.996139E-01  0.634587E-01  0.805608E-02  -.850507E-01  0.247198E-01  0.614712E-01  0.265681E-01
  2160.00 1255.46  0.000000E+00  0.915528E-02  -.166159E-11  0.896945E-11  0.000000E+00  0.000000E+00  -.850919E-04  -.212605E-05  -.222659E-01  0.575108E-01  0.303516E-01  -.339186E+00  0.954676E-01  0.603864E-01  0.832509E-02  -.846334E-01  0.245541E-01  0.583038E-01  0.261739E-01
  2220.00 1251.33  0.000000E+00  0.901349E-02  -.173038E-11  0.929168E-11  0.000000E+00  0.000000E+00  -.844015E-04  -.210583E-05  -.296990E-01  0.528465E-01  0.297365E-01  -.318682E+00  0.896314E-01  0.559909E-01  0.846452E-02  -.826321E-01  0.238945E-01  0.538095E-01  0.253603E-01
  2280.00 1252.64  0.139922E-15  0.913371E-02  -.185116E-11  0.988591E-11  -.148005E-15  0.000000E+00  -.866361E-04  -.215882E-05  -.346778E-01  0.511044E-01  0.300247E-01  -.308482E+00  0.877509E-01  0.545493E-01  0.879701E-02  -.825728E-01  0.240726E-01  0.522623E-01  0.254061E-01
  2340.00 1254.86  0.000000E+00  0.928861E-02  -.198445E-11  0.105430E-10  0.000000E+00  0.000000E+00  -.893136E-04  -.222214E-05  -.394906E-01  0.497170E-01  0.304148E-01  -.299804E+00  0.864543E-01  0.534808E-01  0.915063E-02  -.826366E-01  0.243461E-01  0.510815E-01  0.255714E-01
  2400.00 1260.16  0.000000E+00  0.960012E-02  -.215787E-11  0.114080E-10  0.000000E+00  0.000000E+00  -.937525E-04  -.232933E-05  -.429795E-01  0.498491E-01  0.313292E-01  -.297054E+00  0.872551E-01  0.539510E-01  0.963241E-02  -.839617E-01  0.251143E-01  0.514316E-01  0.262250E-01
  2460.00 1267.25  0.000000E+00  0.100156E-01  -.236578E-11  0.124470E-10  0.000000E+00  0.000000E+00  -.996608E-04  -.247293E-05  -.454982E-01  0.510689E-01  0.326010E-01  -.299079E+00  0.895115E-01  0.555253E-01  0.102094E-01  -.864245E-01  0.262523E-01  0.528751E-01  0.272065E-01
  2520.00 1276.44  0.000000E+00  0.105407E-01  -.261172E-11  0.136790E-10  -.146576E-15  0.000000E+00  -.106904E-03  -.264970E-05  -.471565E-01  0.532219E-01  0.342497E-01  -.304712E+00  0.930659E-01  0.580491E-01  0.108973E-01  -.898444E-01  0.277553E-01  0.552638E-01  0.285138E-01
  2580.00 1274.05  -.267703E-15  0.104486E-01  -.271649E-11  0.141675E-10  0.000000E+00  0.000000E+00  -.107292E-03  -.265186E-05  -.542142E-01  0.494343E-01  0.336620E-01  -.289289E+00  0.889777E-01  0.546138E-01  0.109934E-01  -.875519E-01  0.271606E-01  0.517031E-01  0.279215E-01
  2640.00 1279.14  0.000000E+00  0.107819E-01  -.293545E-11  0.152402E-10  0.000000E+00  0.000000E+00  -.112519E-03  -.277620E-05  -.575750E-01  0.495999E-01  0.345723E-01  -.288453E+00  0.901136E-01  0.551621E-01  0.114911E-01  -.890747E-01  0.279749E-01  0.521317E-01  0.286241E-01
  2700.00 1278.17  0.000000E+00  0.107627E-01  -.306601E-11  0.158585E-10  0.000000E+00  0.000000E+00  -.113819E-03  -.280056E-05  -.636588E-01  0.465840E-01  0.342020E-01  -.276382E+00  0.871882E-01  0.525151E-01  0.116273E-01  -.872893E-01  0.275961E-01  0.493807E-01  0.282612E-01
  2760.00 1279.87  0.000000E+00  0.108648E-01  -.323367E-11  0.166687E-10  0.000000E+00  0.000000E+00  -.116628E-03  -.286297E-05  -.683981E-01  0.447826E-01  0.342521E-01  -.269188E+00  0.858516E-01  0.510874E-01  0.118741E-01  -.867447E-01  0.276351E-01  0.478562E-01  0.282681E-01
  2820.00 1278.34  0.000000E+00  0.107798E-01  -.335102E-11  0.172130E-10  0.000000E+00  0.000000E+00  -.117385E-03  -.287318E-05  -.742571E-01  0.415129E-01  0.336319E-01  -.256768E+00  0.826315E-01  0.481759E-01  0.119105E-01  -.844412E-01  0.270543E-01  0.448658E-01  0.277359E-01
  2880.00 1279.97  0.000000E+00  0.109296E-01  -.354278E-11  0.181344E-10  0.000000E+00  -.136800E-15  -.120668E-03  -.294744E-05  -.781601E-01  0.401779E-01  0.338067E-01  -.251705E+00  0.819982E-01  0.472054E-01  0.121760E-01  -.842095E-01  0.272198E-01  0.438355E-01  0.278850E-01
  2940.00 1286.91  0.000000E+00  0.114446E-01  -.386283E-11  0.197045E-10  0.000000E+00  -.133677E-15  -.128246E-03  -.313066E-05  -.791654E-01  0.418467E-01  0.352554E-01  -.258484E+00  0.852746E-01  0.492529E-01  0.128384E-01  -.876883E-01  0.286112E-01  0.458320E-01  0.290940E-01
  3000.00 1289.18  0.000000E+00  0.116633E-01  -.409649E-11  0.208267E-10  0.000000E+00  0.000000E+00  -.132270E-03  -.322402E-05  -.821042E-01  0.410888E-01  0.356410E-01  -.255753E+00  0.853771E-01  0.488450E-01  0.131714E-01  -.880901E-01  0.289892E-01  0.453901E-01  0.294321E-01
  3060.00 1292.92  0.000000E+00  0.119715E-01  -.437035E-11  0.221505E-10  0.000000E+00  0.000000E+00  -.137311E-03  -.334341E-05  -.840612E-01  0.410820E-01  0.363325E-01  -.256017E+00  0.864271E-01  0.491767E-01  0.136036E-01  -.894311E-01  0.296677E-01  0.456957E-01  0.300256E-01
  3120.00 1299.06  0.000000E+00  0.124284E-01  -.471165E-11  0.238079E-10  0.000000E+00  0.000000E+00  -.144175E-03  -.350913E-05  -.845715E-01  0.423018E-01  0.375420E-01  -.261043E+00  0.890095E-01  0.507203E-01  0.142092E-01  -.923726E-01  0.308608E-01  0.472189E-01  0.310448E-01
  3180.00 1299.68  0.000000E+00  0.125314E-01  -.493250E-11  0.248532E-10  0.000000E+00  0.000000E+00  -.146593E-03  -.356244E-05  -.872091E-01  0.407652E-01  0.374981E-01  -.256262E+00  0.880648E-01  0.494579E-01  0.143997E-01  -.919594E-01  0.308662E-01  0.459516E-01  0.310519E-01
  3240.00 1303.09  0.000000E+00  0.128162E-01  -.523181E-11  0.262889E-10  0.000000E+00  0.000000E+00  -.151055E-03  -.366768E-05  -.883036E-01  0.406438E-01  0.381010E-01  -.256977E+00  0.889898E-01  0.495944E-01  0.148051E-01  -.933971E-01  0.314996E-01  0.460873E-01  0.315914E-01
  3300.00 1309.40  -.122157E-15  0.132764E-01  -.561697E-11  0.281441E-10  0.000000E+00  0.000000E+00  -.157646E-03  -.382719E-05  -.879297E-01  0.419047E-01  0.393275E-01  -.262514E+00  0.916040E-01  0.511002E-01  0.154301E-01  -.965445E-01  0.327300E-01  0.475941E-01  0.326342E-01
  3360.00 1308.29  0.000000E+00  0.132010E-01  -.578768E-11  0.289297E-10  0.000000E+00  -.115594E-15  -.157499E-03  -.381650E-05  -.908877E-01  0.392491E-01  0.386627E-01  -.253838E+00  0.890951E-01  0.486349E-01  0.153962E-01  -.945726E-01  0.321488E-01  0.451352E-01  0.321547E-01
  3420.00 1311.69  0.000000E+00  0.134149E-01  -.609188E-11  0.303733E-10  0.000000E+00  0.000000E+00  -.160989E-03  -.389800E-05  -.917632E-01  0.388594E-01  0.390321E-01  -.253483E+00  0.894833E-01  0.484355E-01  0.157195E-01  -.955405E-01  0.325765E-01  0.449273E-01  0.325138E-01
  3480.00 1318.75  0.000000E+00  0.139005E-01  -.653171E-11  0.324835E-10  0.143058E-15  0.000000E+00  -.167656E-03  -.406012E-05  -.909923E-01  0.403534E-01  0.403390E-01  -.259513E+00  0.923386E-01  0.501239E-01  0.163806E-01  -.988404E-01  0.338935E-01  0.465974E-01  0.336370E-01
  3540.00 1321.57  0.000000E+00  0.141034E-01  -.685465E-11  0.340090E-10  0.000000E+00  0.000000E+00  -.170693E-03  -.413082E-05  -.920553E-01  0.398345E-01  0.406448E-01  -.258077E+00  0.925295E-01  0.497739E-01  0.166829E-01  -.993469E-01  0.342362E-01  0.462225E-01  0.339579E-01
  3600.00 1315.35  0.000000E+00  0.136401E-01  -.685827E-11  0.339577E-10  -.142831E-15  0.000000E+00  -.165315E-03  -.398901E-05  -.971259E-01  0.348531E-01  0.386493E-01  -.240705E+00  0.868233E-01  0.449095E-01  0.161272E-01  -.937042E-01  0.323578E-01  0.413236E-01  0.324292E-01
  3660.00 1319.47  0.234819E-15  0.138647E-01  -.720507E-11  0.355967E-10  0.000000E+00  0.210697E-15  -.168766E-03  -.407032E-05  -.978867E-01  0.347505E-01  0.390679E-01  -.240990E+00  0.873935E-01  0.449556E-01  0.164614E-01  -.947428E-01  0.328095E-01  0.413086E-01  0.328394E-01
  3720.00 1322.27  -.116573E-15  0.140262E-01  -.753064E-11  0.371252E-10  0.000000E+00  0.000000E+00  -.171447E-03  -.413172E-05  -.990782E-01  0.342429E-01  0.392645E-01  -.239682E+00  0.874035E-01  0.445902E-01  0.167106E-01  -.951165E-01  0.330347E-01  0.408765E-01  0.330756E-01
  3780.00 1326.84  0.000000E+00  0.143344E-01  -.794415E-11  0.390841E-10  0.142209E-15  0.000000E+00  -.175807E-03  -.423543E-05  -.994642E-01  0.346282E-01  0.399410E-01  -.241599E+00  0.886228E-01  0.451193E-01  0.171450E-01  -.967435E-01  0.337178E-01  0.413378E-01  0.337024E-01
  3840.00 1333.00  0.000000E+00  0.147571E-01  -.843826E-11  0.414256E-10  0.000000E+00  0.000000E+00  -.181492E-03  -.437259E-05  -.991232E-01  0.357161E-01  0.409927E-01  -.246075E+00  0.907951E-01  0.463401E-01  0.177274E-01  -.993992E-01  0.347748E-01  0.424874E-01  0.346358E-01
  3900.00 1333.01  0.000000E+00  0.147138E-01  -.867967E-11  0.425314E-10  0.000000E+00  0.000000E+00  -.180952E-03  -.435238E-05  -.101409E+00  0.337846E-01  0.404455E-01  -.240034E+00  0.890869E-01  0.444964E-01  0.176813E-01  -.977756E-01  0.342938E-01  0.405750E-01  0.342921E-01
  3960.00 1334.41  0.000000E+00  0.147846E-01  -.899137E-11  0.439788E-10  0.000000E+00  0.000000E+00  -.181722E-03  -.436511E-05  -.103030E+00  0.325950E-01  0.402864E-01  -.236645E+00  0.883911E-01  0.433859E-01  0.177806E-01  -.971534E-01  0.341911E-01  0.394007E-01  0.342674E-01
  4020.00 1341.74  0.000000E+00  0.153172E-01  -.959630E-11  0.468434E-10  0.000000E+00  0.000000E+00  -.188453E-03  -.452825E-05  -.102047E+00  0.342922E-01  0.416885E-01  -.243396E+00  0.914762E-01  0.451696E-01  0.185067E-01  -.100714E+00  0.356094E-01  0.411223E-01  0.354992E-01
  4080.00 1347.99  -.111257E-15  0.158002E-01  -.101925E-10  0.496616E-10  0.000000E+00  -.187322E-15  -.194446E-03  -.467254E-05  -.101395E+00  0.356301E-01  0.429132E-01  -.248814E+00  0.941432E-01  0.465784E-01  0.191659E-01  -.103744E+00  0.368639E-01  0.424786E-01  0.365946E-01
  4140.00 1348.18  0.221313E-15  0.158102E-01  -.104985E-10  0.510674E-10  0.000000E+00  0.000000E+00  -.193760E-03  -.464830E-05  -.103403E+00  0.339421E-01  0.424919E-01  -.243756E+00  0.929423E-01  0.449257E-01  0.191500E-01  -.102323E+00  0.365206E-01  0.407859E-01  0.363843E-01
  4200.00 1352.32  0.000000E+00  0.161042E-01  -.110014E-10  0.534227E-10  0.141093E-15  0.000000E+00  -.197123E-03  -.472596E-05  -.103786E+00  0.340838E-01  0.430540E-01  -.245241E+00  0.941129E-01  0.451192E-01  0.195372E-01  -.103658E+00  0.371454E-01  0.409318E-01  0.369569E-01
  4260.00 1355.53  0.000000E+00  0.163280E-01  -.114727E-10  0.556176E-10  0.000000E+00  0.000000E+00  -.199788E-03  -.478542E-05  -.104620E+00  0.338493E-01  0.433989E-01  -.245527E+00  0.947573E-01  0.449409E-01  0.198365E-01  -.104475E+00  0.375480E-01  0.407046E-01  0.373512E-01
  4320.00 1361.39  0.000000E+00  0.167947E-01  -.121290E-10  0.586996E-10  0.000000E+00  0.000000E+00  -.205896E-03  -.493134E-05  -.104198E+00  0.350602E-01  0.445550E-01  -.250587E+00  0.972410E-01  0.462242E-01  0.204808E-01  -.107369E+00  0.387256E-01  0.419396E-01  0.383930E-01
  4380.00 1362.11  0.000000E+00  0.168357E-01  -.124942E-10  0.603769E-10  0.000000E+00  0.000000E+00  -.206046E-03  -.492693E-05  -.105937E+00  0.337397E-01  0.442664E-01  -.247153E+00  0.963848E-01  0.449450E-01  0.205146E-01  -.106546E+00  0.384928E-01  0.406096E-01  0.382769E-01
  4440.00 1360.99  0.000000E+00  0.166822E-01  -.127193E-10  0.613818E-10  0.000000E+00  -.171620E-15  -.203412E-03  -.485227E-05  -.108532E+00  0.313467E-01  0.433407E-01  -.240093E+00  0.941130E-01  0.425759E-01  0.202669E-01  -.104063E+00  0.376405E-01  0.381796E-01  0.376491E-01
  4500.00 1362.36  0.000000E+00  0.167227E-01  -.130941E-10  0.631009E-10  0.000000E+00  0.000000E+00  -.203537E-03  -.484725E-05  -.109983E+00  0.301822E-01  0.430862E-01  -.236939E+00  0.933700E-01  0.414411E-01  0.202999E-01  -.103258E+00  0.374308E-01  0.369726E-01  0.375585E-01
  4560.00 1359.70  0.000000E+00  0.164406E-01  -.132131E-10  0.635927E-10  -.281240E-15  0.167061E-15  -.198776E-03  -.471925E-05  -.113031E+00  0.271590E-01  0.417366E-01  -.227100E+00  0.902008E-01  0.384245E-01  0.198433E-01  -.993348E-01  0.361390E-01  0.338830E-01  0.365967E-01
  4620.00 1363.06  0.000000E+00  0.166247E-01  -.137081E-10  0.658812E-10  -.280987E-15  0.000000E+00  -.200760E-03  -.476131E-05  -.113454E+00  0.269260E-01  0.419646E-01  -.227056E+00  0.905658E-01  0.382069E-01  0.200766E-01  -.998537E-01  0.363983E-01  0.335797E-01  0.368915E-01
  4680.00 1368.44  0.000000E+00  0.169569E-01  -.143373E-10  0.688100E-10  0.000000E+00  0.000000E+00  -.204777E-03  -.485455E-05  -.113000E+00  0.275457E-01  0.426899E-01  -.229865E+00  0.919979E-01  0.388363E-01  0.205321E-01  -.101688E+00  0.371370E-01  0.341156E-01  0.375853E-01
  4740.00 1368.26  0.000000E+00  0.168218E-01  -.145812E-10  0.698939E-10  0.140273E-15  0.000000E+00  -.201776E-03  -.477105E-05  -.114874E+00  0.255338E-01  0.418587E-01  -.223509E+00  0.900342E-01  0.368055E-01  0.202855E-01  -.992328E-01  0.363496E-01  0.319914E-01  0.370345E-01
  4800.00 1369.98  0.206692E-15  0.168199E-01  -.149439E-10  0.715491E-10  0.000000E+00  0.000000E+00  -.200713E-03  -.473652E-05  -.116049E+00  0.243376E-01  0.414834E-01  -.220022E+00  0.890964E-01  0.355918E-01  0.202389E-01  -.980789E-01  0.360085E-01  0.306863E-01  0.368478E-01
  4860.00 1373.06  0.000000E+00  0.169789E-01  -.154572E-10  0.739121E-10  0.000000E+00  0.000000E+00  -.201797E-03  -.475638E-05  -.116479E+00  0.240166E-01  0.416194E-01  -.219240E+00  0.892753E-01  0.352530E-01  0.204188E-01  -.981521E-01  0.361560E-01  0.302646E-01  0.370815E-01
  4920.00 1374.87  0.000000E+00  0.170781E-01  -.159243E-10  0.760542E-10  0.000000E+00  0.154444E-15  -.201849E-03  -.475062E-05  -.117177E+00  0.234023E-01  0.415507E-01  -.217235E+00  0.890296E-01  0.346085E-01  0.205035E-01  -.976065E-01  0.360997E-01  0.295457E-01  0.371532E-01
  4980.00 1380.25  0.000000E+00  0.174652E-01  -.166784E-10  0.795546E-10  0.000000E+00  0.000000E+00  -.206284E-03  -.485563E-05  -.116450E+00  0.244162E-01  0.424321E-01  -.220822E+00  0.908241E-01  0.356012E-01  0.210305E-01  -.997301E-01  0.369757E-01  0.304717E-01  0.379876E-01
  5040.00 1379.62  0.000000E+00  0.173032E-01  -.169193E-10  0.806183E-10  0.000000E+00  0.000000E+00  -.202619E-03  -.475724E-05  -.118230E+00  0.226285E-01  0.415579E-01  -.214921E+00  0.888775E-01  0.337576E-01  0.207486E-01  -.972802E-01  0.361234E-01  0.285793E-01  0.373925E-01
  5100.00 1376.82  0.000000E+00  0.169576E-01  -.169740E-10  0.808024E-10  -.139815E-15  0.000000E+00  -.196260E-03  -.459156E-05  -.120777E+00  0.200281E-01  0.401236E-01  -.205925E+00  0.857627E-01  0.310867E-01  0.201980E-01  -.932545E-01  0.347035E-01  0.258748E-01  0.363369E-01
  5160.00 1377.10  0.000000E+00  0.168994E-01  -.173104E-10  0.823193E-10  0.000000E+00  0.000000E+00  -.194111E-03  -.453248E-05  -.121937E+00  0.189772E-01  0.396113E-01  -.202059E+00  0.846115E-01  0.299731E-01  0.200744E-01  -.916721E-01  0.341773E-01  0.247351E-01  0.360287E-01
  5220.00 1378.63  0.198770E-15  0.169408E-01  -.177524E-10  0.843318E-10  0.000000E+00  0.000000E+00  -.193346E-03  -.450859E-05  -.122563E+00  0.184683E-01  0.394217E-01  -.199959E+00  0.841421E-01  0.293973E-01  0.201008E-01  -.909336E-01  0.339629E-01  0.241412E-01  0.359833E-01
  5280.00 1377.74  0.000000E+00  0.167733E-01  -.179687E-10  0.852822E-10  0.000000E+00  0.000000E+00  -.189163E-03  -.439873E-05  -.124100E+00  0.168903E-01  0.385716E-01  -.193990E+00  0.823208E-01  0.277363E-01  0.198065E-01  -.882271E-01  0.330944E-01  0.224720E-01  0.354049E-01
  5340.00 1386.29  -.196192E-15  0.174765E-01  -.191419E-10  0.907311E-10  -.279313E-15  -.142409E-15  -.198300E-03  -.462369E-05  -.121696E+00  0.196430E-01  0.404653E-01  -.203344E+00  0.861416E-01  0.304375E-01  0.208318E-01  -.932017E-01  0.349194E-01  0.251614E-01  0.370677E-01
  5400.00 1390.93  0.000000E+00  0.177968E-01  -.199205E-10  0.943209E-10  0.000000E+00  0.000000E+00  -.201757E-03  -.470559E-05  -.120870E+00  0.205364E-01  0.411739E-01  -.206156E+00  0.874954E-01  0.312560E-01  0.212913E-01  -.949173E-01  0.355787E-01  0.259674E-01  0.377562E-01
  5460.00 1394.17  0.000000E+00  0.179875E-01  -.205681E-10  0.972860E-10  0.000000E+00  -.139361E-15  -.203260E-03  -.473819E-05  -.120622E+00  0.207997E-01  0.414742E-01  -.206593E+00  0.879903E-01  0.314361E-01  0.215520E-01  -.954294E-01  0.358264E-01  0.261325E-01  0.381118E-01
  5520.00 1396.23  0.000000E+00  0.180331E-01  -.210614E-10  0.995248E-10  0.000000E+00  0.000000E+00  -.203005E-03  -.472615E-05  -.120968E+00  0.204759E-01  0.413615E-01  -.204993E+00  0.876011E-01  0.310299E-01  0.216160E-01  -.949068E-01  0.356508E-01  0.257103E-01  0.381157E-01
  5580.00 1399.76  0.000000E+00  0.181568E-01  -.216575E-10  0.102239E-09  0.000000E+00  -.136418E-15  -.204330E-03  -.475334E-05  -.120917E+00  0.206199E-01  0.415239E-01  -.204987E+00  0.877334E-01  0.311011E-01  0.218188E-01  -.952028E-01  0.357330E-01  0.257655E-01  0.383321E-01
  5640.00 1407.03  0.000000E+00  0.186299E-01  -.226933E-10  0.107011E-09  0.139406E-15  0.134918E-15  -.211513E-03  -.492733E-05  -.119295E+00  0.225175E-01  0.428113E-01  -.210943E+00  0.901029E-01  0.329472E-01  0.225806E-01  -.985861E-01  0.369188E-01  0.275912E-01  0.394597E-01
  5700.00 1402.09  0.000000E+00  0.179310E-01  -.222807E-10  0.105001E-09  0.000000E+00  0.000000E+00  -.199399E-03  -.461659E-05  -.122856E+00  0.186169E-01  0.403882E-01  -.197175E+00  0.850390E-01  0.289510E-01  0.214982E-01  -.917587E-01  0.344499E-01  0.235761E-01  0.375619E-01
  5760.00 1402.09  0.000000E+00  0.176999E-01  -.224408E-10  0.105673E-09  0.000000E+00  0.000000E+00  -.195182E-03  -.450405E-05  -.124376E+00  0.171337E-01  0.394853E-01  -.191735E+00  0.830617E-01  0.273966E-01  0.211656E-01  -.892025E-01  0.334864E-01  0.219925E-01  0.368911E-01
  5820.00 1409.54  -.186933E-15  0.181942E-01  -.235525E-10  0.110786E-09  0.000000E+00  0.000000E+00  -.203144E-03  -.469731E-05  -.122846E+00  0.191941E-01  0.408709E-01  -.198623E+00  0.856315E-01  0.294214E-01  0.219834E-01  -.931028E-01  0.347790E-01  0.239870E-01  0.380891E-01
  5880.00 1404.09  0.000000E+00  0.174288E-01  -.230122E-10  0.108185E-09  -.139378E-15  0.000000E+00  -.190753E-03  -.437937E-05  -.126625E+00  0.153511E-01  0.383783E-01  -.185076E+00  0.805328E-01  0.255031E-01  0.208481E-01  -.862248E-01  0.322336E-01  0.200538E-01  0.360937E-01
  5940.00 1405.16  0.185597E-15  0.173327E-01  -.233513E-10  0.109685E-09  -.139392E-15  0.000000E+00  -.189643E-03  -.434433E-05  -.127659E+00  0.147078E-01  0.379771E-01  -.182586E+00  0.795576E-01  0.248327E-01  0.207674E-01  -.851310E-01  0.317336E-01  0.193771E-01  0.358114E-01
  6000.00 1404.84  0.000000E+00  0.171334E-01  -.235425E-10  0.110500E-09  0.000000E+00  0.000000E+00  -.186867E-03  -.426759E-05  -.129141E+00  0.135882E-01  0.372611E-01  -.178291E+00  0.779655E-01  0.236924E-01  0.205235E-01  -.830461E-01  0.309150E-01  0.182379E-01  0.352684E-01
  6060.00 1408.79  0.000000E+00  0.173378E-01  -.243065E-10  0.113982E-09  0.000000E+00  0.000000E+00  -.190704E-03  -.435721E-05  -.128907E+00  0.143067E-01  0.377760E-01  -.180660E+00  0.788010E-01  0.244054E-01  0.209072E-01  -.845226E-01  0.313235E-01  0.189531E-01  0.357459E-01
  6120.00 1407.84  0.000000E+00  0.170344E-01  -.243531E-10  0.114122E-09  -.139468E-15  0.000000E+00  -.186252E-03  -.423877E-05  -.130586E+00  0.127462E-01  0.367673E-01  -.175295E+00  0.767339E-01  0.228175E-01  0.205029E-01  -.818226E-01  0.302526E-01  0.173655E-01  0.349576E-01
  6180.00 1410.10  0.000000E+00  0.170352E-01  -.248386E-10  0.116304E-09  0.000000E+00  0.000000E+00  -.186755E-03  -.424498E-05  -.130880E+00  0.125392E-01  0.366809E-01  -.174994E+00  0.764994E-01  0.225860E-01  0.205664E-01  -.818468E-01  0.301215E-01  0.171331E-01  0.349356E-01
  6240.00 1406.91  0.181367E-15  0.165138E-01  -.245308E-10  0.114796E-09  0.000000E+00  0.000000E+00  -.178212E-03  -.402437E-05  -.133113E+00  0.996147E-02  0.350090E-01  -.166170E+00  0.732473E-01  0.199559E-01  0.197922E-01  -.772055E-01  0.284376E-01  0.145028E-01  0.336034E-01
  6300.00 1410.38  0.000000E+00  0.166555E-01  -.252045E-10  0.117856E-09  0.000000E+00  0.000000E+00  -.179953E-03  -.406246E-05  -.132582E+00  0.101971E-01  0.352636E-01  -.167256E+00  0.737241E-01  0.201380E-01  0.200075E-01  -.779621E-01  0.286809E-01  0.146830E-01  0.338923E-01
  6360.00 1413.36  0.000000E+00  0.167482E-01  -.258052E-10  0.120572E-09  0.000000E+00  0.000000E+00  -.180320E-03  -.406686E-05  -.132083E+00  0.101899E-01  0.353414E-01  -.167226E+00  0.738880E-01  0.200431E-01  0.201198E-01  -.781091E-01  0.287708E-01  0.145811E-01  0.340443E-01
  6420.00 1413.31  0.000000E+00  0.165393E-01  -.259372E-10  0.121112E-09  0.000000E+00  0.000000E+00  -.175590E-03  -.394414E-05  -.132477E+00  0.900500E-02  0.345510E-01  -.162704E+00  0.723938E-01  0.187279E-01  0.197683E-01  -.757895E-01  0.280144E-01  0.132517E-01  0.334614E-01
  6480.00 1414.12  0.000000E+00  0.164182E-01  -.262076E-10  0.122293E-09  0.000000E+00  0.000000E+00  -.172442E-03  -.386199E-05  -.132278E+00  0.835440E-02  0.340505E-01  -.159684E+00  0.713985E-01  0.179216E-01  0.195667E-01  -.743029E-01  0.275374E-01  0.124274E-01  0.331067E-01
  6540.00 1415.15  0.000000E+00  0.163181E-01  -.265087E-10  0.123616E-09  0.139508E-15  0.000000E+00  -.169551E-03  -.378751E-05  -.131832E+00  0.790105E-02  0.336290E-01  -.157116E+00  0.704877E-01  0.172870E-01  0.194073E-01  -.730900E-01  0.271288E-01  0.117726E-01  0.328045E-01
  6600.00 1414.77  0.176076E-15  0.160915E-01  -.265950E-10  0.123947E-09  0.000000E+00  0.000000E+00  -.164305E-03  -.365530E-05  -.131784E+00  0.699846E-02  0.328544E-01  -.152736E+00  0.689007E-01  0.161775E-01  0.190536E-01  -.708739E-01  0.263780E-01  0.106380E-01  0.321978E-01
  6660.00 1415.47  0.000000E+00  0.160053E-01  -.269073E-10  0.125323E-09  0.000000E+00  0.000000E+00  -.161093E-03  -.357514E-05  -.131272E+00  0.669446E-02  0.324732E-01  -.150360E+00  0.680652E-01  0.156571E-01  0.189024E-01  -.697695E-01  0.260228E-01  0.100877E-01  0.319241E-01
  6720.00 1417.19  0.000000E+00  0.160286E-01  -.274021E-10  0.127540E-09  0.000000E+00  -.114784E-15  -.159546E-03  -.353764E-05  -.130451E+00  0.687053E-02  0.324010E-01  -.149530E+00  0.677806E-01  0.156104E-01  0.189151E-01  -.695460E-01  0.259676E-01  0.100070E-01  0.319090E-01
  6780.00 1419.39  -.173555E-15  0.160539E-01  -.279071E-10  0.129806E-09  0.000000E+00  0.000000E+00  -.158135E-03  -.350469E-05  -.129577E+00  0.718583E-02  0.323644E-01  -.148921E+00  0.675038E-01  0.156890E-01  0.189496E-01  -.694809E-01  0.259376E-01  0.100433E-01  0.319101E-01
  6840.00 1422.87  0.000000E+00  0.161696E-01  -.285905E-10  0.132887E-09  0.000000E+00  0.112963E-15  -.158459E-03  -.351606E-05  -.128270E+00  0.799462E-02  0.326248E-01  -.149940E+00  0.677293E-01  0.162537E-01  0.191474E-01  -.703685E-01  0.261950E-01  0.105614E-01  0.321514E-01
  6900.00 1424.95  0.000000E+00  0.161449E-01  -.290211E-10  0.134807E-09  0.000000E+00  0.000000E+00  -.156206E-03  -.346357E-05  -.127398E+00  0.825364E-02  0.324800E-01  -.148816E+00  0.671947E-01  0.162572E-01  0.191234E-01  -.700507E-01  0.260514E-01  0.105150E-01  0.320474E-01
  6960.00 1426.10  0.170910E-15  0.160252E-01  -.292828E-10  0.135941E-09  0.000000E+00  0.000000E+00  -.152554E-03  -.337656E-05  -.126792E+00  0.823456E-02  0.320928E-01  -.146657E+00  0.662074E-01  0.159747E-01  0.189683E-01  -.691461E-01  0.256665E-01  0.101803E-01  0.317249E-01
  7020.00 1427.63  0.000000E+00  0.159698E-01  -.296605E-10  0.137613E-09  -.139812E-15  0.000000E+00  -.149934E-03  -.331602E-05  -.126003E+00  0.850613E-02  0.318830E-01  -.145262E+00  0.655421E-01  0.159836E-01  0.189089E-01  -.686569E-01  0.254439E-01  0.101422E-01  0.315533E-01
  7080.00 1428.05  0.000000E+00  0.158088E-01  -.298309E-10  0.138330E-09  0.000000E+00  0.000000E+00  -.145345E-03  -.320627E-05  -.125768E+00  0.832718E-02  0.313631E-01  -.142057E+00  0.643181E-01  0.155541E-01  0.186814E-01  -.670936E-01  0.248916E-01  0.967596E-02  0.311253E-01
  7140.00 1430.33  0.168548E-15  0.158493E-01  -.303793E-10  0.140784E-09  0.000000E+00  0.000000E+00  -.143915E-03  -.317530E-05  -.125102E+00  0.879331E-02  0.313637E-01  -.141259E+00  0.640994E-01  0.158018E-01  0.187387E-01  -.668506E-01  0.248433E-01  0.989841E-02  0.311614E-01
  7200.00 1434.56  0.000000E+00  0.160496E-01  -.312561E-10  0.144751E-09  0.000000E+00  0.000000E+00  -.145412E-03  -.321746E-05  -.123896E+00  0.984104E-02  0.318110E-01  -.142927E+00  0.647567E-01  0.166528E-01  0.190439E-01  -.680011E-01  0.252501E-01  0.107330E-01  0.315846E-01
  7260.00 1434.78  -.166881E-15  0.158485E-01  -.313398E-10  0.145069E-09  0.000000E+00  0.214342E-15  -.140403E-03  -.309629E-05  -.124099E+00  0.937848E-02  0.311668E-01  -.139299E+00  0.634196E-01  0.160019E-01  0.187542E-01  -.660923E-01  0.245589E-01  0.100776E-01  0.310600E-01
  7320.00 1436.54  -.166108E-15  0.158347E-01  -.318015E-10  0.147118E-09  0.000000E+00  0.000000E+00  -.138731E-03  -.305905E-05  -.123768E+00  0.965415E-02  0.310406E-01  -.138004E+00  0.629921E-01  0.161015E-01  0.187525E-01  -.655127E-01  0.243507E-01  0.101811E-01  0.309817E-01
  7380.00 1441.43  0.000000E+00  0.161666E-01  -.329805E-10  0.152468E-09  0.000000E+00  0.000000E+00  -.143035E-03  -.317199E-05  -.122372E+00  0.112435E-01  0.318544E-01  -.140978E+00  0.642163E-01  0.175276E-01  0.192749E-01  -.673983E-01  0.250453E-01  0.116141E-01  0.317168E-01
  7440.00 1450.08  0.000000E+00  0.168763E-01  -.349953E-10  0.161642E-09  0.000000E+00  0.209757E-15  -.154595E-03  -.346674E-05  -.119669E+00  0.143822E-01  0.337632E-01  -.149434E+00  0.673524E-01  0.205154E-01  0.204167E-01  -.724918E-01  0.268079E-01  0.146046E-01  0.333780E-01
  7500.00 1452.08  0.000000E+00  0.168485E-01  -.354702E-10  0.163742E-09  0.000000E+00  0.000000E+00  -.153294E-03  -.343915E-05  -.119496E+00  0.146985E-01  0.336341E-01  -.148028E+00  0.667829E-01  0.206703E-01  0.204293E-01  -.718676E-01  0.265456E-01  0.147578E-01  0.332774E-01
  7560.00 1454.70  -.162373E-15  0.168366E-01  -.359911E-10  0.166058E-09  0.000000E+00  0.000000E+00  -.152450E-03  -.342266E-05  -.119077E+00  0.150880E-01  0.335657E-01  -.147121E+00  0.663435E-01  0.208961E-01  0.204704E-01  -.715276E-01  0.263596E-01  0.149789E-01  0.332268E-01
  7620.00 1452.87  0.161854E-15  0.163380E-01  -.354364E-10  0.163443E-09  0.000000E+00  0.000000E+00  -.143038E-03  -.319155E-05  -.120120E+00  0.136593E-01  0.321757E-01  -.140143E+00  0.635565E-01  0.192877E-01  0.197680E-01  -.676494E-01  0.248886E-01  0.133587E-01  0.320228E-01
  7680.00 1447.44  0.000000E+00  0.154995E-01  -.340838E-10  0.157179E-09  0.000000E+00  0.000000E+00  -.127500E-03  -.280768E-05  -.122223E+00  0.110139E-01  0.298840E-01  -.128729E+00  0.591907E-01  0.164485E-01  0.185476E-01  -.611506E-01  0.225412E-01  0.105037E-01  0.300274E-01
  7740.00 1444.60  0.000000E+00  0.150052E-01  -.334571E-10  0.154241E-09  0.000000E+00  0.000000E+00  -.117897E-03  -.257276E-05  -.123255E+00  0.964776E-02  0.285272E-01  -.121586E+00  0.565148E-01  0.148989E-01  0.178424E-01  -.571191E-01  0.211151E-01  0.894224E-02  0.288467E-01
  7800.00 1447.55  0.000000E+00  0.151287E-01  -.342332E-10  0.157731E-09  0.000000E+00  -.201893E-15  -.119018E-03  -.260639E-05  -.122346E+00  0.104689E-01  0.288061E-01  -.122464E+00  0.567822E-01  0.155554E-01  0.180534E-01  -.577986E-01  0.213197E-01  0.959351E-02  0.291070E-01
  7860.00 1451.45  0.000000E+00  0.152952E-01  -.351227E-10  0.161737E-09  0.000000E+00  0.000000E+00  -.120723E-03  -.265450E-05  -.121294E+00  0.113777E-01  0.291870E-01  -.123916E+00  0.572692E-01  0.163035E-01  0.183178E-01  -.588191E-01  0.216495E-01  0.103377E-01  0.294649E-01
  7920.00 1458.05  0.000000E+00  0.156809E-01  -.365472E-10  0.168184E-09  0.000000E+00  0.000000E+00  -.126058E-03  -.279347E-05  -.119460E+00  0.130117E-01  0.301380E-01  -.128073E+00  0.587872E-01  0.177771E-01  0.188997E-01  -.614547E-01  0.225680E-01  0.118065E-01  0.303312E-01
  7980.00 1459.94  0.000000E+00  0.155902E-01  -.368418E-10  0.169467E-09  0.000000E+00  0.000000E+00  -.122938E-03  -.272047E-05  -.119118E+00  0.129217E-01  0.298224E-01  -.126112E+00  0.580535E-01  0.175197E-01  0.187617E-01  -.604809E-01  0.222351E-01  0.115407E-01  0.300835E-01
  8040.00 1460.98  0.000000E+00  0.154158E-01  -.369419E-10  0.169853E-09  0.000000E+00  0.000000E+00  -.118545E-03  -.261498E-05  -.118977E+00  0.125415E-01  0.293060E-01  -.123310E+00  0.569744E-01  0.169767E-01  0.185074E-01  -.590075E-01  0.217074E-01  0.109927E-01  0.296554E-01
  8100.00 1463.82  0.000000E+00  0.154446E-01  -.375464E-10  0.172546E-09  0.000000E+00  0.000000E+00  -.117972E-03  -.260425E-05  -.118211E+00  0.128321E-01  0.293309E-01  -.123293E+00  0.569050E-01  0.171246E-01  0.185564E-01  -.591693E-01  0.217315E-01  0.111418E-01  0.297073E-01
  8160.00 1467.03  0.000000E+00  0.155342E-01  -.382975E-10  0.175909E-09  0.000000E+00  0.000000E+00  -.118349E-03  -.261678E-05  -.117321E+00  0.132257E-01  0.294876E-01  -.123900E+00  0.571211E-01  0.173928E-01  0.186728E-01  -.596940E-01  0.219088E-01  0.114161E-01  0.298881E-01
  8220.00 1471.22  0.000000E+00  0.157136E-01  -.392801E-10  0.180329E-09  0.140932E-15  -.192826E-15  -.120181E-03  -.266560E-05  -.116181E+00  0.138547E-01  0.298617E-01  -.125521E+00  0.577654E-01  0.179068E-01  0.189044E-01  -.608189E-01  0.223274E-01  0.119352E-01  0.302718E-01
  8280.00 1471.89  0.000000E+00  0.155499E-01  -.393792E-10  0.180716E-09  0.000000E+00  0.000000E+00  -.115926E-03  -.256163E-05  -.116229E+00  0.132393E-01  0.293293E-01  -.122733E+00  0.568111E-01  0.171880E-01  0.186148E-01  -.593034E-01  0.218408E-01  0.112161E-01  0.298544E-01
  8340.00 1475.53  0.153399E-15  0.157057E-01  -.403197E-10  0.184934E-09  0.141111E-15  0.000000E+00  -.117719E-03  -.260826E-05  -.115358E+00  0.137190E-01  0.296435E-01  -.123778E+00  0.573353E-01  0.175872E-01  0.188063E-01  -.600569E-01  0.221871E-01  0.116105E-01  0.301886E-01
  8400.00 1472.02  0.000000E+00  0.151238E-01  -.393144E-10  0.180289E-09  0.000000E+00  0.000000E+00  -.106695E-03  -.233328E-05  -.116929E+00  0.116887E-01  0.280668E-01  -.116156E+00  0.545199E-01  0.154819E-01  0.179131E-01  -.556133E-01  0.206410E-01  0.948306E-02  0.288277E-01
  8460.00 1477.01  -.152232E-15  0.153580E-01  -.404856E-10  0.185555E-09  0.000000E+00  0.000000E+00  -.110443E-03  -.242788E-05  -.116036E+00  0.124489E-01  0.286113E-01  -.118332E+00  0.554236E-01  0.161891E-01  0.182346E-01  -.570318E-01  0.211980E-01  0.101675E-01  0.293587E-01
  8520.00 1478.76  0.000000E+00  0.152347E-01  -.406973E-10  0.186455E-09  0.000000E+00  0.000000E+00  -.108053E-03  -.236825E-05  -.116373E+00  0.119922E-01  0.282474E-01  -.116246E+00  0.547108E-01  0.156941E-01  0.180358E-01  -.558928E-01  0.208346E-01  0.963914E-02  0.290709E-01
  8580.00 1476.30  0.000000E+00  0.146770E-01  -.396830E-10  0.181769E-09  0.000000E+00  0.000000E+00  -.979572E-04  -.211500E-05  -.118213E+00  0.100415E-01  0.267722E-01  -.108984E+00  0.520358E-01  0.137219E-01  0.172004E-01  -.516356E-01  0.193459E-01  0.762654E-02  0.277791E-01
  8640.00 1478.97  0.000000E+00  0.146324E-01  -.400692E-10  0.183465E-09  0.141511E-15  0.000000E+00  -.968779E-04  -.208728E-05  -.118646E+00  0.974391E-02  0.265952E-01  -.107634E+00  0.516341E-01  0.134249E-01  0.171167E-01  -.509373E-01  0.191393E-01  0.729215E-02  0.276556E-01
  8700.00 1476.69  0.000000E+00  0.141104E-01  -.390846E-10  0.178927E-09  0.000000E+00  0.000000E+00  -.873008E-04  -.184660E-05  -.120668E+00  0.787141E-02  0.252192E-01  -.100941E+00  0.491590E-01  0.115623E-01  0.163468E-01  -.469925E-01  0.177260E-01  0.538603E-02  0.264416E-01
  8760.00 1478.76  0.000000E+00  0.140333E-01  -.393419E-10  0.180038E-09  0.000000E+00  0.000000E+00  -.852742E-04  -.179510E-05  -.121461E+00  0.737952E-02  0.249337E-01  -.991954E-01  0.486287E-01  0.110958E-01  0.162067E-01  -.460047E-01  0.173993E-01  0.488543E-02  0.262273E-01
  8820.00 1481.08  0.000000E+00  0.139997E-01  -.397188E-10  0.181695E-09  0.000000E+00  0.000000E+00  -.839074E-04  -.175997E-05  -.122227E+00  0.698651E-02  0.247433E-01  -.979029E-01  0.482963E-01  0.107407E-01  0.161241E-01  -.452593E-01  0.171612E-01  0.450213E-02  0.261066E-01
  8880.00 1485.14  0.000000E+00  0.141707E-01  -.407134E-10  0.186154E-09  0.000000E+00  0.000000E+00  -.864280E-04  -.182214E-05  -.122394E+00  0.728799E-02  0.250778E-01  -.990773E-01  0.488818E-01  0.110871E-01  0.163507E-01  -.459922E-01  0.174381E-01  0.482740E-02  0.264608E-01
  8940.00 1490.73  0.000000E+00  0.145217E-01  -.422778E-10  0.193198E-09  0.000000E+00  0.180119E-15  -.925999E-04  -.197599E-05  -.121954E+00  0.825154E-02  0.258856E-01  -.102384E+00  0.502771E-01  0.120946E-01  0.168558E-01  -.480118E-01  0.181826E-01  0.582079E-02  0.272374E-01
  9000.00 1494.29  0.146495E-15  0.146736E-01  -.432729E-10  0.197653E-09  0.000000E+00  0.000000E+00  -.957519E-04  -.205460E-05  -.121915E+00  0.870405E-02  0.262357E-01  -.103713E+00  0.508321E-01  0.125779E-01  0.171009E-01  -.488556E-01  0.184680E-01  0.628933E-02  0.275754E-01
  9060.00 1499.47  0.145710E-15  0.149727E-01  -.447424E-10  0.204255E-09  -.141870E-15  0.000000E+00  -.101714E-03  -.220421E-05  -.121271E+00  0.970786E-02  0.269748E-01  -.106823E+00  0.520143E-01  0.135959E-01  0.175774E-01  -.508280E-01  0.191450E-01  0.729688E-02  0.282560E-01
  9120.00 1500.52  0.145167E-15  0.148224E-01  -.448418E-10  0.204636E-09  0.000000E+00  0.177231E-15  -.993881E-04  -.214680E-05  -.121875E+00  0.927797E-02  0.265908E-01  -.104945E+00  0.512464E-01  0.131638E-01  0.173953E-01  -.497679E-01  0.187069E-01  0.685601E-02  0.279160E-01
  9180.00 1501.11  0.000000E+00  0.146259E-01  -.447845E-10  0.204318E-09  0.000000E+00  0.000000E+00  -.960864E-04  -.206522E-05  -.122592E+00  0.869014E-02  0.260867E-01  -.102488E+00  0.502825E-01  0.125696E-01  0.171363E-01  -.483540E-01  0.181601E-01  0.625339E-02  0.274696E-01
  9240.00 1505.47  0.000000E+00  0.148977E-01  -.461992E-10  0.210668E-09  0.000000E+00  0.000000E+00  -.101075E-03  -.219088E-05  -.122012E+00  0.952762E-02  0.267260E-01  -.105023E+00  0.513034E-01  0.134057E-01  0.175400E-01  -.500053E-01  0.187653E-01  0.708216E-02  0.280759E-01
  9300.00 1509.23  0.000000E+00  0.150854E-01  -.473433E-10  0.215785E-09  0.000000E+00  0.000000E+00  -.104166E-03  -.226917E-05  -.121670E+00  0.100361E-01  0.271270E-01  -.106462E+00  0.519510E-01  0.139043E-01  0.177949E-01  -.509824E-01  0.191570E-01  0.757218E-02  0.284768E-01
  9360.00 1510.97  -.142739E-15  0.150014E-01  -.476391E-10  0.217064E-09  0.000000E+00  0.000000E+00  -.102461E-03  -.222799E-05  -.121867E+00  0.976321E-02  0.268847E-01  -.105362E+00  0.515035E-01  0.135987E-01  0.176652E-01  -.504168E-01  0.189331E-01  0.724917E-02  0.282801E-01
  9420.00 1511.57  0.142239E-15  0.147943E-01  -.475294E-10  0.216498E-09  0.000000E+00  0.000000E+00  -.985741E-04  -.213276E-05  -.122280E+00  0.916955E-02  0.263553E-01  -.103024E+00  0.505417E-01  0.129565E-01  0.173645E-01  -.491075E-01  0.184242E-01  0.658424E-02  0.278108E-01
  9480.00 1512.21  0.000000E+00  0.146040E-01  -.474390E-10  0.216027E-09  0.000000E+00  0.172084E-15  -.946446E-04  -.203676E-05  -.122639E+00  0.861114E-02  0.258455E-01  -.100510E+00  0.496005E-01  0.123463E-01  0.170767E-01  -.476818E-01  0.179199E-01  0.595469E-02  0.273643E-01
  9540.00 1510.58  0.000000E+00  0.141618E-01  -.464553E-10  0.211513E-09  -.142724E-15  0.000000E+00  -.855743E-04  -.181239E-05  -.123816E+00  0.722168E-02  0.246876E-01  -.949111E-01  0.475552E-01  0.109038E-01  0.164076E-01  -.443319E-01  0.167535E-01  0.449394E-02  0.263311E-01
  9600.00 1512.84  0.000000E+00  0.141460E-01  -.468987E-10  0.213459E-09  0.000000E+00  0.000000E+00  -.844850E-04  -.178773E-05  -.123820E+00  0.718908E-02  0.245896E-01  -.939961E-01  0.473068E-01  0.108222E-01  0.163725E-01  -.438776E-01  0.166328E-01  0.439749E-02  0.262643E-01
  9660.00 1516.87  0.000000E+00  0.142974E-01  -.479474E-10  0.218140E-09  -.142921E-15  0.000000E+00  -.869668E-04  -.185226E-05  -.123313E+00  0.774163E-02  0.249395E-01  -.952432E-01  0.477932E-01  0.113296E-01  0.166097E-01  -.447771E-01  0.169534E-01  0.488702E-02  0.265949E-01
  9720.00 1519.96  0.000000E+00  0.143605E-01  -.487196E-10  0.221568E-09  0.000000E+00  0.000000E+00  -.882336E-04  -.188597E-05  -.123021E+00  0.806723E-02  0.250993E-01  -.957033E-01  0.479247E-01  0.116122E-01  0.167368E-01  -.451963E-01  0.170741E-01  0.514851E-02  0.267392E-01
  9780.00 1519.69  0.139180E-15  0.140622E-01  -.482289E-10  0.219282E-09  0.143170E-15  0.000000E+00  -.833233E-04  -.176438E-05  -.123700E+00  0.734707E-02  0.244112E-01  -.926772E-01  0.465841E-01  0.108504E-01  0.163647E-01  -.434594E-01  0.163368E-01  0.436000E-02  0.260832E-01
  9840.00 1522.16  0.000000E+00  0.140431E-01  -.487329E-10  0.221497E-09  0.000000E+00  0.000000E+00  -.839028E-04  -.177942E-05  -.123616E+00  0.750084E-02  0.244224E-01  -.929492E-01  0.464509E-01  0.109732E-01  0.164125E-01  -.437611E-01  0.162994E-01  0.446236E-02  0.260655E-01
  9900.00 1522.77  0.000000E+00  0.137904E-01  -.483928E-10  0.219896E-09  0.000000E+00  0.000000E+00  -.802489E-04  -.168818E-05  -.124270E+00  0.694814E-02  0.238659E-01  -.907964E-01  0.453758E-01  0.103964E-01  0.161222E-01  -.425258E-01  0.156879E-01  0.386870E-02  0.255253E-01
  9960.00 1526.07  0.000000E+00  0.138443E-01  -.491750E-10  0.223361E-09  -.143369E-15  0.000000E+00  -.826578E-04  -.174836E-05  -.124167E+00  0.735190E-02  0.240681E-01  -.919624E-01  0.455786E-01  0.107888E-01  0.162900E-01  -.433466E-01  0.158222E-01  0.425253E-02  0.256833E-01
 10020.00 1530.98  0.000000E+00  0.140781E-01  -.506223E-10  0.229834E-09  0.000000E+00  0.000000E+00  -.884298E-04  -.189263E-05  -.123700E+00  0.826971E-02  0.246917E-01  -.947891E-01  0.464945E-01  0.117055E-01  0.167127E-01  -.451835E-01  0.163677E-01  0.516675E-02  0.262382E-01
 10080.00 1531.54  0.000000E+00  0.138614E-01  -.503702E-10  0.228630E-09  0.000000E+00  0.000000E+00  -.852304E-04  -.181247E-05  -.124600E+00  0.772212E-02  0.241797E-01  -.923412E-01  0.455141E-01  0.111626E-01  0.164513E-01  -.436941E-01  0.157732E-01  0.462393E-02  0.257610E-01
 10140.00 1535.14  0.000000E+00  0.139591E-01  -.512870E-10  0.232706E-09  0.000000E+00  0.000000E+00  -.875923E-04  -.187147E-05  -.124626E+00  0.803907E-02  0.243989E-01  -.928979E-01  0.458125E-01  0.114946E-01  0.166224E-01  -.440573E-01  0.159199E-01  0.496363E-02  0.259784E-01
 10200.00 1537.28  0.000000E+00  0.138526E-01  -.514209E-10  0.233248E-09  0.000000E+00  0.162832E-15  -.859362E-04  -.182979E-05  -.125172E+00  0.768729E-02  0.241091E-01  -.912881E-01  0.452800E-01  0.111621E-01  0.164850E-01  -.430542E-01  0.155689E-01  0.464213E-02  0.257314E-01
 10260.00 1534.69  0.000000E+00  0.132675E-01  -.496828E-10  0.225346E-09  0.000000E+00  0.000000E+00  -.752313E-04  -.156154E-05  -.127013E+00  0.589063E-02  0.226679E-01  -.847776E-01  0.428095E-01  0.938754E-02  0.156542E-01  -.389690E-01  0.140676E-01  0.288099E-02  0.244123E-01
 10320.00 1537.07  0.000000E+00  0.132258E-01  -.500464E-10  0.226929E-09  0.000000E+00  0.000000E+00  -.749425E-04  -.155363E-05  -.127301E+00  0.570687E-02  0.225349E-01  -.839765E-01  0.425720E-01  0.923508E-02  0.156048E-01  -.384529E-01  0.138936E-01  0.274922E-02  0.243111E-01
 10380.00 1538.04  0.000000E+00  0.130757E-01  -.499732E-10  0.226543E-09  0.000000E+00  -.160832E-15  -.726876E-04  -.149629E-05  -.127853E+00  0.519315E-02  0.221417E-01  -.820720E-01  0.418799E-01  0.875775E-02  0.153976E-01  -.372538E-01  0.134563E-01  0.229196E-02  0.239636E-01
 10440.00 1539.41  0.000000E+00  0.129451E-01  -.499552E-10  0.226408E-09  -.144105E-15  0.000000E+00  -.705852E-04  -.144274E-05  -.128333E+00  0.470143E-02  0.217871E-01  -.804159E-01  0.412483E-01  0.830134E-02  0.152117E-01  -.362333E-01  0.130676E-01  0.185061E-02  0.236515E-01
 10500.00 1538.85  0.000000E+00  0.126159E-01  -.491261E-10  0.222617E-09  0.000000E+00  0.319160E-15  -.645637E-04  -.129101E-05  -.129389E+00  0.361621E-02  0.209643E-01  -.767349E-01  0.398277E-01  0.724898E-02  0.147398E-01  -.339422E-01  0.122090E-01  0.805084E-03  0.229010E-01
 10560.00 1541.24  0.000000E+00  0.125973E-01  -.495645E-10  0.224542E-09  0.000000E+00  0.000000E+00  -.644836E-04  -.128772E-05  -.129610E+00  0.344057E-02  0.208867E-01  -.763274E-01  0.396784E-01  0.710693E-02  0.147128E-01  -.337108E-01  0.121078E-01  0.666289E-03  0.228494E-01
 10620.00 1544.17  0.000000E+00  0.126806E-01  -.504224E-10  0.228349E-09  0.000000E+00  -.316568E-15  -.663229E-04  -.133221E-05  -.129525E+00  0.355104E-02  0.210489E-01  -.770140E-01  0.399404E-01  0.725071E-02  0.148272E-01  -.341738E-01  0.122545E-01  0.811839E-03  0.230225E-01
 10680.00 1547.02  0.000000E+00  0.128009E-01  -.514492E-10  0.232922E-09  0.000000E+00  -.157667E-15  -.691545E-04  -.140122E-05  -.129290E+00  0.379197E-02  0.213068E-01  -.780742E-01  0.403867E-01  0.753099E-02  0.149931E-01  -.348475E-01  0.125018E-01  0.109355E-02  0.232854E-01
 10740.00 1551.72  0.000000E+00  0.131288E-01  -.533615E-10  0.241474E-09  0.000000E+00  0.000000E+00  -.760584E-04  -.157167E-05  -.128493E+00  0.461229E-02  0.220485E-01  -.812252E-01  0.416655E-01  0.839857E-02  0.154481E-01  -.368420E-01  0.132494E-01  0.196410E-02  0.240054E-01
 10800.00 1551.62  -.261390E-15  0.128719E-01  -.528028E-10  0.238909E-09  0.000000E+00  0.000000E+00  -.716379E-04  -.145846E-05  -.129202E+00  0.370892E-02  0.214129E-01  -.787724E-01  0.406694E-01  0.754041E-02  0.150621E-01  -.353008E-01  0.126392E-01  0.109911E-02  0.234299E-01
 10860.00 1553.19  0.000000E+00  0.127333E-01  -.527461E-10  0.238602E-09  0.000000E+00  0.000000E+00  -.694034E-04  -.139970E-05  -.129549E+00  0.313240E-02  0.210659E-01  -.778019E-01  0.401885E-01  0.700868E-02  0.148500E-01  -.347050E-01  0.123412E-01  0.560400E-03  0.231252E-01
 10920.00 1555.56  0.000000E+00  0.127002E-01  -.531210E-10  0.240239E-09  0.000000E+00  0.000000E+00  -.687808E-04  -.138113E-05  -.129689E+00  0.279508E-02  0.209369E-01  -.775741E-01  0.400810E-01  0.671890E-02  0.147701E-01  -.345735E-01  0.122584E-01  0.272710E-03  0.230394E-01
 10980.00 1558.48  0.000000E+00  0.127411E-01  -.538004E-10  0.243246E-09  0.000000E+00  0.000000E+00  -.692110E-04  -.138893E-05  -.129692E+00  0.261257E-02  0.209498E-01  -.776704E-01  0.402295E-01  0.658631E-02  0.147737E-01  -.346315E-01  0.123161E-01  0.150749E-03  0.231023E-01
 11040.00 1562.01  0.000000E+00  0.128858E-01  -.549175E-10  0.248223E-09  0.000000E+00  0.000000E+00  -.712440E-04  -.143677E-05  -.129456E+00  0.266207E-02  0.211725E-01  -.784141E-01  0.407401E-01  0.668820E-02  0.149041E-01  -.350908E-01  0.125864E-01  0.271228E-03  0.233774E-01
 11100.00 1563.01  0.000000E+00  0.127802E-01  -.549095E-10  0.248134E-09  0.000000E+00  0.000000E+00  -.684586E-04  -.136390E-05  -.129828E+00  0.200727E-02  0.208082E-01  -.766088E-01  0.402871E-01  0.608135E-02  0.146732E-01  -.339078E-01  0.122722E-01  -.320091E-03  0.230972E-01
 11160.00 1566.67  0.000000E+00  0.129488E-01  -.561577E-10  0.253691E-09  0.000000E+00  0.000000E+00  -.711701E-04  -.142882E-05  -.129368E+00  0.217953E-02  0.211090E-01  -.778509E-01  0.409424E-01  0.629126E-02  0.148508E-01  -.346844E-01  0.126408E-01  -.949253E-04  0.234357E-01
 11220.00 1569.49  0.127281E-15  0.130002E-01  -.569182E-10  0.257063E-09  0.000000E+00  0.000000E+00  -.715802E-04  -.143682E-05  -.129098E+00  0.206163E-02  0.211526E-01  -.780343E-01  0.411534E-01  0.619420E-02  0.148690E-01  -.348027E-01  0.127551E-01  -.176466E-03  0.235304E-01
 11280.00 1570.73  -.126879E-15  0.129189E-01  -.570678E-10  0.257685E-09  -.145472E-15  0.000000E+00  -.693241E-04  -.137866E-05  -.129115E+00  0.160094E-02  0.208826E-01  -.767743E-01  0.408224E-01  0.573991E-02  0.146923E-01  -.340020E-01  0.125507E-01  -.613733E-03  0.233281E-01
 11340.00 1571.96  0.000000E+00  0.128552E-01  -.572951E-10  0.258655E-09  0.000000E+00  0.000000E+00  -.676140E-04  -.133446E-05  -.129077E+00  0.124945E-02  0.206679E-01  -.757522E-01  0.405500E-01  0.538615E-02  0.145531E-01  -.333624E-01  0.123932E-01  -.950477E-03  0.231680E-01
 11400.00 1573.66  0.126069E-15  0.128073E-01  -.576073E-10  0.260007E-09  0.000000E+00  0.000000E+00  -.665958E-04  -.130762E-05  -.128990E+00  0.101362E-02  0.205171E-01  -.751215E-01  0.403592E-01  0.514359E-02  0.144597E-01  -.329752E-01  0.122884E-01  -.117657E-02  0.230548E-01
 11460.00 1573.43  0.000000E+00  0.125265E-01  -.568284E-10  0.256460E-09  0.000000E+00  0.000000E+00  -.613170E-04  -.117429E-05  -.129546E+00  0.179179E-03  0.198526E-01  -.724607E-01  0.392910E-01  0.430228E-02  0.140604E-01  -.312847E-01  0.116464E-01  -.199942E-02  0.224417E-01
 11520.00 1572.31  -.125453E-15  0.121728E-01  -.556829E-10  0.251268E-09  0.000000E+00  0.000000E+00  -.547456E-04  -.100837E-05  -.130422E+00  -.846998E-03  0.190316E-01  -.692164E-01  0.379454E-01  0.327705E-02  0.135730E-01  -.292081E-01  0.108236E-01  -.300343E-02  0.216726E-01
 11580.00 1574.08  0.000000E+00  0.121587E-01  -.561265E-10  0.253207E-09  0.146172E-15  0.000000E+00  -.544229E-04  -.998612E-06  -.130608E+00  -.100492E-02  0.189618E-01  -.690136E-01  0.378558E-01  0.312883E-02  0.135492E-01  -.290756E-01  0.107561E-01  -.312865E-02  0.216279E-01
 11640.00 1577.49  0.000000E+00  0.123244E-01  -.574293E-10  0.259010E-09  0.000000E+00  0.000000E+00  -.571490E-04  -.106511E-05  -.130416E+00  -.747163E-03  0.192727E-01  -.702229E-01  0.384168E-01  0.340085E-02  0.137534E-01  -.298478E-01  0.110853E-01  -.283622E-02  0.219614E-01
 11700.00 1579.72  0.000000E+00  0.123443E-01  -.580196E-10  0.261609E-09  0.000000E+00  0.000000E+00  -.571093E-04  -.106224E-05  -.130537E+00  -.887532E-03  0.192501E-01  -.700109E-01  0.384041E-01  0.327634E-02  0.137495E-01  -.297233E-01  0.110817E-01  -.294627E-02  0.219733E-01
 11760.00 1584.25  0.000000E+00  0.126301E-01  -.599673E-10  0.270301E-09  -.146521E-15  -.295000E-15  -.627658E-04  -.120204E-05  -.129811E+00  -.227579E-03  0.198704E-01  -.725908E-01  0.394120E-01  0.394792E-02  0.141422E-01  -.314355E-01  0.117320E-01  -.226289E-02  0.225843E-01
 11820.00 1585.00  0.000000E+00  0.124392E-01  -.595543E-10  0.268398E-09  0.000000E+00  -.147015E-15  -.591235E-04  -.110985E-05  -.130066E+00  -.825745E-03  0.194108E-01  -.706559E-01  0.386403E-01  0.334814E-02  0.138598E-01  -.302430E-01  0.113110E-01  -.286009E-02  0.221603E-01
 11880.00 1586.73  0.000000E+00  0.123147E-01  -.594797E-10  0.268014E-09  0.146720E-15  0.000000E+00  -.569137E-04  -.105378E-05  -.129959E+00  -.120764E-02  0.191184E-01  -.694147E-01  0.381432E-01  0.295860E-02  0.136759E-01  -.295036E-01  0.110698E-01  -.324730E-02  0.218927E-01
 11940.00 1589.03  0.122451E-15  0.122488E-01  -.596647E-10  0.268795E-09  -.146778E-15  0.000000E+00  -.555168E-04  -.101821E-05  -.129587E+00  -.146208E-02  0.189376E-01  -.685329E-01  0.378264E-01  0.269093E-02  0.135554E-01  -.290138E-01  0.109529E-01  -.351118E-02  0.217368E-01
 12000.00 1589.80  0.000000E+00  0.120376E-01  -.590723E-10  0.266094E-09  0.146894E-15  0.145461E-15  -.510645E-04  -.906172E-06  -.129623E+00  -.212671E-02  0.184128E-01  -.661724E-01  0.369144E-01  0.201122E-02  0.132241E-01  -.275885E-01  0.104820E-01  -.418599E-02  0.212515E-01
 12060.00 1593.34  0.000000E+00  0.121349E-01  -.600607E-10  0.270476E-09  0.000000E+00  0.000000E+00  -.528639E-04  -.950316E-06  -.129018E+00  -.194661E-02  0.185932E-01  -.668153E-01  0.371637E-01  0.218208E-02  0.133369E-01  -.281020E-01  0.107121E-01  -.400881E-02  0.214350E-01
 12120.00 1592.63  0.000000E+00  0.117458E-01  -.585253E-10  0.263551E-09  0.000000E+00  0.000000E+00  -.453530E-04  -.761349E-06  -.129819E+00  -.303493E-02  0.177086E-01  -.633430E-01  0.356542E-01  0.108898E-02  0.128014E-01  -.259508E-01  0.984407E-02  -.510509E-02  0.205772E-01
 12180.00 1592.68  -.121003E-15  0.114635E-01  -.575274E-10  0.259037E-09  -.147211E-15  0.000000E+00  -.396773E-04  -.618339E-06  -.130533E+00  -.386698E-02  0.170562E-01  -.607583E-01  0.345445E-01  0.257302E-03  0.124142E-01  -.243457E-01  0.919332E-02  -.593622E-02  0.199501E-01
 12240.00 1593.87  0.000000E+00  0.113626E-01  -.574620E-10  0.258704E-09  -.147352E-15  0.000000E+00  -.374292E-04  -.561238E-06  -.130863E+00  -.422517E-02  0.167929E-01  -.595538E-01  0.340678E-01  -.100147E-03  0.122713E-01  -.236186E-01  0.891812E-02  -.628503E-02  0.197057E-01
 12300.00 1598.74  0.000000E+00  0.116917E-01  -.596626E-10  0.268523E-09  0.000000E+00  0.286184E-15  -.427865E-04  -.694799E-06  -.130187E+00  -.356376E-02  0.174271E-01  -.616923E-01  0.351285E-01  0.563845E-03  0.126757E-01  -.250171E-01  0.956585E-02  -.560653E-02  0.203589E-01
 12360.00 1603.68  0.119649E-15  0.120371E-01  -.620577E-10  0.279206E-09  0.000000E+00  0.142577E-15  -.498615E-04  -.871096E-06  -.129293E+00  -.270438E-02  0.181799E-01  -.647063E-01  0.363637E-01  0.143196E-02  0.131571E-01  -.269767E-01  0.103284E-01  -.472961E-02  0.210952E-01
 12420.00 1602.49  0.000000E+00  0.116542E-01  -.605093E-10  0.272231E-09  0.000000E+00  0.000000E+00  -.431358E-04  -.701840E-06  -.130123E+00  -.371376E-02  0.173408E-01  -.614725E-01  0.349578E-01  0.439730E-03  0.126520E-01  -.248935E-01  0.947745E-02  -.572298E-02  0.202724E-01
 12480.00 1601.52  0.238252E-15  0.113164E-01  -.591601E-10  0.266146E-09  0.000000E+00  0.000000E+00  -.371604E-04  -.550913E-06  -.130953E+00  -.465740E-02  0.165941E-01  -.586267E-01  0.337135E-01  -.473163E-03  0.122009E-01  -.230591E-01  0.872743E-02  -.663704E-02  0.195430E-01
 12540.00 1604.13  0.000000E+00  0.113840E-01  -.600652E-10  0.270155E-09  0.147869E-15  0.000000E+00  -.391088E-04  -.597818E-06  -.130958E+00  -.459540E-02  0.167478E-01  -.595755E-01  0.339804E-01  -.366026E-03  0.123064E-01  -.236822E-01  0.890203E-02  -.653336E-02  0.196936E-01
 12600.00 1607.46  0.000000E+00  0.115611E-01  -.615672E-10  0.276839E-09  0.000000E+00  0.000000E+00  -.429366E-04  -.691561E-06  -.130941E+00  -.431329E-02  0.171183E-01  -.612391E-01  0.346043E-01  -.278034E-04  0.125459E-01  -.247651E-01  0.928670E-02  -.620070E-02  0.200645E-01
 12660.00 1609.99  0.000000E+00  0.116269E-01  -.624425E-10  0.280714E-09  0.000000E+00  0.000000E+00  -.440116E-04  -.716438E-06  -.131302E+00  -.438759E-02  0.172169E-01  -.617387E-01  0.348125E-01  -.464956E-04  0.126129E-01  -.250819E-01  0.940374E-02  -.623002E-02  0.201848E-01
 12720.00 1611.45  -.117571E-15  0.115360E-01  -.623834E-10  0.280415E-09  -.148200E-15  0.000000E+00  -.413125E-04  -.647346E-06  -.132063E+00  -.492198E-02  0.169309E-01  -.605595E-01  0.344188E-01  -.532663E-03  0.124375E-01  -.242958E-01  0.913876E-02  -.672764E-02  0.199457E-01
 12780.00 1612.10  0.000000E+00  0.113061E-01  -.615291E-10  0.276558E-09  0.000000E+00  0.000000E+00  -.360010E-04  -.513418E-06  -.132948E+00  -.574547E-02  0.163590E-01  -.583248E-01  0.335533E-01  -.132397E-02  0.120845E-01  -.228214E-01  0.858277E-02  -.753213E-02  0.194191E-01
 12840.00 1612.17  -.116930E-15  0.110161E-01  -.603199E-10  0.271117E-09  0.000000E+00  0.000000E+00  -.298339E-04  -.358559E-06  -.133677E+00  -.662115E-02  0.156861E-01  -.557324E-01  0.324968E-01  -.218783E-02  0.116707E-01  -.211231E-01  0.791859E-02  -.840472E-02  0.187790E-01
 12900.00 1613.31  0.000000E+00  0.108636E-01  -.598704E-10  0.269072E-09  0.000000E+00  0.138729E-15  -.259689E-04  -.262258E-06  -.133826E+00  -.712727E-02  0.152971E-01  -.541762E-01  0.319151E-01  -.270728E-02  0.114309E-01  -.201030E-01  0.755427E-02  -.892108E-02  0.184226E-01
 12960.00 1612.91  -.116301E-15  0.105745E-01  -.586194E-10  0.263447E-09  0.000000E+00  0.000000E+00  -.196752E-04  -.105908E-06  -.133982E+00  -.787652E-02  0.146384E-01  -.516434E-01  0.308797E-01  -.349508E-02  0.110196E-01  -.184684E-01  0.692810E-02  -.969795E-02  0.177901E-01
 13020.00 1613.14  -.116013E-15  0.104017E-01  -.580361E-10  0.260806E-09  0.000000E+00  0.000000E+00  -.155542E-04  -.433808E-08  -.133703E+00  -.831298E-02  0.142324E-01  -.501730E-01  0.302636E-01  -.398271E-02  0.107638E-01  -.175480E-01  0.657531E-02  -.101647E-01  0.174055E-01
 13080.00 1619.17  0.000000E+00  0.108810E-01  -.612799E-10  0.275276E-09  0.000000E+00  0.000000E+00  -.227352E-04  -.185999E-06  -.131991E+00  -.730225E-02  0.151388E-01  -.534899E-01  0.318636E-01  -.302723E-02  0.113161E-01  -.197441E-01  0.759246E-02  -.917622E-02  0.183568E-01
 13140.00 1622.81  0.000000E+00  0.111661E-01  -.634591E-10  0.284979E-09  0.000000E+00  -.137147E-15  -.276662E-04  -.310435E-06  -.130662E+00  -.660261E-02  0.157132E-01  -.557277E-01  0.328055E-01  -.237566E-02  0.116765E-01  -.212849E-01  0.823403E-02  -.849589E-02  0.189368E-01
 13200.00 1625.81  0.114792E-15  0.114156E-01  -.654801E-10  0.293967E-09  -.149135E-15  0.000000E+00  -.325756E-04  -.433484E-06  -.129545E+00  -.593658E-02  0.162441E-01  -.578196E-01  0.336279E-01  -.174665E-02  0.120194E-01  -.227321E-01  0.880247E-02  -.783870E-02  0.194574E-01
 13260.00 1630.33  0.000000E+00  0.118319E-01  -.685866E-10  0.307803E-09  0.000000E+00  0.000000E+00  -.413257E-04  -.651960E-06  -.128124E+00  -.481833E-02  0.171646E-01  -.615380E-01  0.350921E-01  -.653940E-03  0.126065E-01  -.252228E-01  0.975850E-02  -.672052E-02  0.203533E-01
 13320.00 1633.19  0.000000E+00  0.119714E-01  -.700709E-10  0.314392E-09  0.000000E+00  0.000000E+00  -.453044E-04  -.750193E-06  -.127329E+00  -.433409E-02  0.175290E-01  -.632420E-01  0.356325E-01  -.187417E-03  0.128443E-01  -.263945E-01  0.101485E-01  -.624412E-02  0.206852E-01
 13380.00 1636.67  0.000000E+00  0.121085E-01  -.715534E-10  0.320965E-09  0.000000E+00  0.135683E-15  -.493744E-04  -.850133E-06  -.126632E+00  -.386923E-02  0.178886E-01  -.648909E-01  0.361492E-01  0.270964E-03  0.130796E-01  -.275307E-01  0.105313E-01  -.578018E-02  0.210121E-01
 13440.00 1635.57  0.000000E+00  0.117208E-01  -.697283E-10  0.312769E-09  -.149660E-15  0.000000E+00  -.430951E-04  -.690587E-06  -.127265E+00  -.472240E-02  0.171054E-01  -.619096E-01  0.347445E-01  -.578941E-03  0.126021E-01  -.256601E-01  0.973357E-02  -.663386E-02  0.202096E-01
 13500.00 1639.41  0.000000E+00  0.118582E-01  -.711571E-10  0.319104E-09  0.000000E+00  -.134958E-15  -.463656E-04  -.769658E-06  -.126818E+00  -.440582E-02  0.174112E-01  -.630158E-01  0.351762E-01  -.246808E-03  0.128027E-01  -.264399E-01  0.100594E-01  -.630518E-02  0.205058E-01
 13560.00 1641.52  0.112669E-15  0.118355E-01  -.715853E-10  0.320975E-09  0.000000E+00  0.000000E+00  -.463004E-04  -.764598E-06  -.126828E+00  -.453236E-02  0.173717E-01  -.628681E-01  0.350696E-01  -.347197E-03  0.127851E-01  -.263922E-01  0.100362E-01  -.641928E-02  0.204638E-01
 13620.00 1642.60  0.000000E+00  0.116895E-01  -.711766E-10  0.319112E-09  0.000000E+00  0.000000E+00  -.427088E-04  -.671018E-06  -.127240E+00  -.511011E-02  0.170139E-01  -.614104E-01  0.344979E-01  -.892617E-03  0.125584E-01  -.254802E-01  0.970991E-02  -.698546E-02  0.201325E-01
 13680.00 1641.88  0.000000E+00  0.113282E-01  -.693229E-10  0.310807E-09  0.150151E-15  0.000000E+00  -.341574E-04  -.453178E-06  -.128171E+00  -.630136E-02  0.161615E-01  -.579713E-01  0.331668E-01  -.205010E-02  0.120091E-01  -.232634E-01  0.890216E-02  -.817007E-02  0.193277E-01
 13740.00 1641.88  0.000000E+00  0.110662E-01  -.680938E-10  0.305290E-09  -.150290E-15  0.000000E+00  -.278708E-04  -.291770E-06  -.128775E+00  -.720776E-02  0.155412E-01  -.554920E-01  0.322024E-01  -.292363E-02  0.116044E-01  -.216834E-01  0.832933E-02  -.906899E-02  0.187437E-01
 13800.00 1645.52  0.000000E+00  0.112216E-01  -.696031E-10  0.311989E-09  0.000000E+00  0.000000E+00  -.301996E-04  -.346076E-06  -.128326E+00  -.704742E-02  0.158222E-01  -.565015E-01  0.326907E-01  -.273419E-02  0.117667E-01  -.223877E-01  0.866876E-02  -.889623E-02  0.190489E-01
 13860.00 1648.62  0.000000E+00  0.112705E-01  -.704072E-10  0.315546E-09  0.150400E-15  0.000000E+00  -.300454E-04  -.339067E-06  -.128091E+00  -.715630E-02  0.158554E-01  -.564102E-01  0.327850E-01  -.282374E-02  0.117712E-01  -.223609E-01  0.876336E-02  -.899991E-02  0.191177E-01
 13920.00 1650.84  0.000000E+00  0.112552E-01  -.707496E-10  0.317041E-09  0.000000E+00  0.000000E+00  -.284573E-04  -.296991E-06  -.128032E+00  -.741148E-02  0.157385E-01  -.556883E-01  0.326344E-01  -.306732E-02  0.116807E-01  -.219171E-01  0.870523E-02  -.925548E-02  0.190383E-01
 13980.00 1654.52  0.220760E-15  0.114149E-01  -.723108E-10  0.323968E-09  0.000000E+00  0.000000E+00  -.308462E-04  -.355009E-06  -.127556E+00  -.717014E-02  0.160297E-01  -.567547E-01  0.331385E-01  -.282068E-02  0.118500E-01  -.226559E-01  0.906363E-02  -.901952E-02  0.193508E-01
 14040.00 1654.79  0.000000E+00  0.112331E-01  -.716176E-10  0.320839E-09  0.000000E+00  0.000000E+00  -.270418E-04  -.258413E-06  -.127822E+00  -.766014E-02  0.156403E-01  -.554315E-01  0.325105E-01  -.331319E-02  0.115928E-01  -.218436E-01  0.871951E-02  -.953127E-02  0.189646E-01
 14100.00 1654.16  0.000000E+00  0.109908E-01  -.704766E-10  0.315717E-09  0.000000E+00  0.000000E+00  -.219637E-04  -.130464E-06  -.128221E+00  -.828011E-02  0.151175E-01  -.535615E-01  0.316707E-01  -.394243E-02  0.112490E-01  -.206668E-01  0.823794E-02  -.101771E-01  0.184464E-01
 14160.00 1655.75  0.000000E+00  0.109742E-01  -.708514E-10  0.317358E-09  0.000000E+00  0.000000E+00  -.210558E-04  -.107792E-06  -.128094E+00  -.836943E-02  0.150538E-01  -.533303E-01  0.315958E-01  -.405008E-02  0.111905E-01  -.205527E-01  0.823112E-02  -.102972E-01  0.183960E-01
 14220.00 1657.18  0.000000E+00  0.109356E-01  -.710890E-10  0.318386E-09  0.000000E+00  0.130821E-15  -.196665E-04  -.738689E-07  -.127895E+00  -.847913E-02  0.149497E-01  -.529375E-01  0.314283E-01  -.419065E-02  0.111057E-01  -.203513E-01  0.817943E-02  -.104503E-01  0.183025E-01
 14280.00 1658.48  0.000000E+00  0.108817E-01  -.712207E-10  0.318938E-09  0.000000E+00  -.130510E-15  -.181818E-04  -.384960E-07  -.127587E+00  -.856111E-02  0.148272E-01  -.525130E-01  0.311902E-01  -.431573E-02  0.110094E-01  -.201609E-01  0.810338E-02  -.105859E-01  0.181810E-01
 14340.00 1661.85  0.000000E+00  0.110082E-01  -.726116E-10  0.325099E-09  0.151357E-15  0.130145E-15  -.203270E-04  -.949425E-07  -.126812E+00  -.818318E-02  0.150839E-01  -.535258E-01  0.315482E-01  -.398899E-02  0.111536E-01  -.209392E-01  0.841730E-02  -.102650E-01  0.184370E-01
 14400.00 1662.51  0.216850E-15  0.107897E-01  -.715661E-10  0.320404E-09  0.000000E+00  0.000000E+00  -.157290E-04  0.169567E-07  -.126789E+00  -.858482E-02  0.146228E-01  -.516710E-01  0.307166E-01  -.444636E-02  0.108445E-01  -.198436E-01  0.799853E-02  -.107321E-01  0.179678E-01
