#  time      cc     z_cbase    z_ctop_avg  z_ctop_max      zi         we   <<ql>>  <<ql>>_max   w_max   tke     ql_max
     60.00 0.000       0.000       0.000       0.000     998.252    0.0000    0.000    0.000    0.127    3.941    0.000
    120.00 0.000       0.000       0.000       0.000     998.033   -0.0036    0.000    0.000    0.250   13.571    0.000
    180.00 0.000       0.000       0.000       0.000     999.169    0.0189    0.000    0.000    0.360   24.898    0.000
    240.00 0.000       0.000       0.000       0.000    1001.329    0.0360    0.000    0.000    0.526   36.774    0.000
    300.00 0.000       0.000       0.000       0.000    1002.137    0.0135    0.000    0.000    0.803   49.713    0.000
    360.00 0.000       0.000       0.000       0.000     998.492   -0.0608    0.000    0.000    1.154   63.743    0.000
    420.00 0.000       0.000       0.000       0.000     997.140   -0.0225    0.000    0.000    1.536   79.827    0.000
    480.00 0.000       0.000       0.000       0.000     998.427    0.0214    0.000    0.000    1.968  101.094    0.000
    540.00 0.000       0.000       0.000       0.000     997.719   -0.0118    0.000    0.000    2.577  131.247    0.000
    600.00 0.000       0.000       0.000       0.000     998.478    0.0127    0.000    0.000    3.015  172.731    0.000
    660.00 0.000       0.000       0.000       0.000     998.988    0.0085    0.000    0.000    3.454  226.614    0.000
    720.00 0.000       0.000       0.000       0.000     999.957    0.0162    0.000    0.000    3.929  292.962    0.000
    780.00 0.000       0.000       0.000       0.000    1002.083    0.0354    0.000    0.000    4.218  371.117    0.000
    840.00 0.000       0.000       0.000       0.000    1003.537    0.0242    0.000    0.000    4.389  460.260    0.000
    900.00 0.000       0.000       0.000       0.000    1008.638    0.0850    0.000    0.000    4.464  560.130    0.000
    960.00 0.000       0.000       0.000       0.000    1017.814    0.1529    0.000    0.000    4.728  670.137    0.000
   1020.00 0.000       0.000       0.000       0.000    1046.595    0.4797    0.000    0.000    4.852  787.374    0.000
   1080.00 0.000       0.000       0.000       0.000    1103.737    0.9524    0.000    0.000    4.739  906.490    0.000
   1140.00 0.000       0.000       0.000       0.000    1181.927    1.3032    0.000    0.000    5.250 1021.529    0.000
   1200.00 0.000       0.000       0.000       0.000    1231.721    0.8299    0.000    0.000    5.473 1128.270    0.000
   1260.00 0.000       0.000       0.000       0.000    1271.568    0.6641    0.000    0.000    5.392 1224.488    0.000
   1320.00 0.000       0.000       0.000       0.000    1311.223    0.6609    0.000    0.000    5.124 1308.818    0.000
   1380.00 0.000       0.000       0.000       0.000    1336.978    0.4293    0.000    0.000    4.914 1380.437    0.000
   1440.00 0.000       0.000       0.000       0.000    1320.852   -0.2688    0.000    0.000    5.295 1440.408    0.000
   1500.00 0.000       0.000       0.000       0.000    1299.147   -0.3618    0.000    0.000    5.586 1489.648    0.000
   1560.00 0.000       0.000       0.000       0.000    1283.409   -0.2623    0.000    0.000    5.514 1527.061    0.000
   1620.00 0.000       0.000       0.000       0.000    1274.735   -0.1446    0.000    0.000    5.216 1549.987    0.000
   1680.00 0.000       0.000       0.000       0.000    1284.112    0.1563    0.000    0.000    5.775 1558.718    0.000
   1740.00 0.000       0.000       0.000       0.000    1276.426   -0.1281    0.000    0.000    5.949 1556.388    0.000
   1800.00 0.000       0.000       0.000       0.000    1269.846   -0.1097    0.000    0.000    5.718 1544.530    0.000
   1860.00 0.000       0.000       0.000       0.000    1262.269   -0.1263    0.000    0.000    5.463 1523.411    0.000
   1920.00 0.000       0.000       0.000       0.000    1261.440   -0.0138    0.000    0.000    5.246 1496.145    0.000
   1980.00 0.000       0.000       0.000       0.000    1260.718   -0.0120    0.000    0.000    5.494 1469.220    0.000
   2040.00 0.000       0.000       0.000       0.000    1258.912   -0.0301    0.000    0.000    5.376 1447.440    0.000
   2100.00 0.000       0.000       0.000       0.000    1256.295   -0.0436    0.000    0.000    5.311 1430.675    0.000
   2160.00 0.000       0.000       0.000       0.000    1255.462   -0.0139    0.000    0.000    5.810 1416.969    0.000
   2220.00 0.000       0.000       0.000       0.000    1251.330   -0.0689    0.000    0.000    5.740 1406.421    0.000
   2280.00 0.000       0.000       0.000       0.000    1252.638    0.0218    0.000    0.000    5.412 1400.518    0.000
   2340.00 0.000       0.000       0.000       0.000    1254.855    0.0370    0.000    0.000    5.368 1399.323    0.000
   2400.00 0.000       0.000       0.000       0.000    1260.158    0.0884    0.000    0.000    5.520 1402.248    0.000
   2460.00 0.000       0.000       0.000       0.000    1267.247    0.1182    0.000    0.000    5.211 1410.004    0.000
   2520.00 0.000       0.000       0.000       0.000    1276.436    0.1531    0.000    0.000    5.113 1422.629    0.000
   2580.00 0.000       0.000       0.000       0.000    1274.055   -0.0397    0.000    0.000    5.084 1439.247    0.000
   2640.00 0.000       0.000       0.000       0.000    1279.138    0.0847    0.000    0.000    5.064 1461.407    0.000
   2700.00 0.000       0.000       0.000       0.000    1278.166   -0.0162    0.000    0.000    5.339 1492.886    0.000
   2760.00 0.000       0.000       0.000       0.000    1279.870    0.0284    0.000    0.000    5.083 1532.574    0.000
   2820.00 0.000       0.000       0.000       0.000    1278.345   -0.0254    0.000    0.000    5.116 1574.944    0.000
   2880.00 0.000       0.000       0.000       0.000    1279.966    0.0270    0.000    0.000    5.647 1615.567    0.000
   2940.00 0.000       0.000       0.000       0.000    1286.911    0.1157    0.000    0.000    5.902 1652.621    0.000
   3000.00 0.000       0.000       0.000       0.000    1289.175    0.0377    0.000    0.000    5.625 1685.716    0.000
   3060.00 0.000       0.000       0.000       0.000    1292.923    0.0625    0.000    0.000    5.897 1716.322    0.000
   3120.00 0.000       0.000       0.000       0.000    1299.057    0.1022    0.000    0.000    6.164 1746.128    0.000
   3180.00 0.000       0.000       0.000       0.000    1299.683    0.0104    0.000    0.000    6.167 1774.033    0.000
   3240.00 0.000       0.000       0.000       0.000    1303.086    0.0567    0.000    0.000    5.950 1797.913    0.000
   3300.00 0.000       0.000       0.000       0.000    1309.395    0.1051    0.000    0.000    6.296 1820.166    0.000
   3360.00 0.000       0.000       0.000       0.000    1308.293   -0.0184    0.000    0.000    6.426 1841.630    0.000
   3420.00 0.000       0.000       0.000       0.000    1311.692    0.0566    0.000    0.000    6.643 1856.805    0.000
   3480.00 0.000       0.000       0.000       0.000    1318.747    0.1176    0.000    0.000    6.324 1864.697    0.000
   3540.00 0.000       0.000       0.000       0.000    1321.567    0.0470    0.000    0.000    6.482 1872.220    0.000
   3600.00 0.000       0.000       0.000       0.000    1315.353   -0.1036    0.000    0.000    6.704 1882.278    0.000
   3660.00 0.000       0.000       0.000       0.000    1319.472    0.0687    0.000    0.000    6.629 1893.571    0.000
   3720.00 0.000       0.000       0.000       0.000    1322.272    0.0467    0.000    0.000    5.696 1904.941    0.000
   3780.00 0.000       0.000       0.000       0.000    1326.838    0.0761    0.000    0.000    5.722 1920.156    0.000
   3840.00 0.000       0.000       0.000       0.000    1333.001    0.1027    0.000    0.000    5.857 1940.863    0.000
   3900.00 0.000       0.000       0.000       0.000    1333.015    0.0002    0.000    0.000    5.782 1961.975    0.000
   3960.00 0.000       0.000       0.000       0.000    1334.406    0.0232    0.000    0.000    5.638 1979.863    0.000
   4020.00 0.000       0.000       0.000       0.000    1341.739    0.1222    0.000    0.000    5.355 1995.259    0.000
   4080.00 0.000       0.000       0.000       0.000    1347.989    0.1042    0.000    0.000    5.705 2008.309    0.000
   4140.00 0.000       0.000       0.000       0.000    1348.184    0.0033    0.000    0.000    5.682 2019.715    0.000
   4200.00 0.000       0.000       0.000       0.000    1352.320    0.0689    0.000    0.000    5.680 2027.477    0.000
   4260.00 0.000       0.000       0.000       0.000    1355.527    0.0534    0.000    0.000    5.791 2028.626    0.000
   4320.00 0.000       0.000       0.000       0.000    1361.392    0.0978    0.000    0.000    6.174 2024.244    0.000
   4380.00 0.000       0.000       0.000       0.000    1362.111    0.0120    0.000    0.000    5.995 2019.309    0.000
   4440.00 0.000       0.000       0.000       0.000    1360.992   -0.0186    0.000    0.000    6.026 2015.538    0.000
   4500.00 0.000       0.000       0.000       0.000    1362.356    0.0227    0.000    0.000    6.331 2011.076    0.000
   4560.00 0.000       0.000       0.000       0.000    1359.698   -0.0443    0.000    0.000    5.346 2008.139    0.000
   4620.00 0.000       0.000       0.000       0.000    1363.063    0.0561    0.000    0.000    5.729 2007.237    0.000
   4680.00 0.000       0.000       0.000       0.000    1368.441    0.0896    0.000    0.000    5.740 2004.748    0.000
   4740.00 0.000       0.000       0.000       0.000    1368.257   -0.0031    0.000    0.000    5.595 2001.340    0.000
   4800.00 0.000       0.000       0.000       0.000    1369.982    0.0287    0.000    0.000    5.643 2000.304    0.000
   4860.00 0.000       0.000       0.000       0.000    1373.065    0.0514    0.000    0.000    5.914 1998.025    0.000
   4920.00 0.000       0.000       0.000       0.000    1374.872    0.0301    0.000    0.000    5.743 1994.448    0.000
   4980.00 0.000       0.000       0.000       0.000    1380.252    0.0897    0.000    0.000    5.654 1995.769    0.000
   5040.00 0.000       0.000       0.000       0.000    1379.617   -0.0106    0.000    0.000    5.539 2003.138    0.000
   5100.00 0.000       0.000       0.000       0.000    1376.823   -0.0466    0.000    0.000    5.752 2012.722    0.000
   5160.00 0.000       0.000       0.000       0.000    1377.100    0.0046    0.000    0.000    5.878 2023.689    0.000
   5220.00 0.000       0.000       0.000       0.000    1378.635    0.0256    0.000    0.000    6.236 2035.450    0.000
   5280.00 0.000       0.000       0.000       0.000    1377.743   -0.0149    0.000    0.000    5.833 2044.078    0.000
   5340.00 0.000       0.000       0.000       0.000    1386.287    0.1424    0.000    0.000    5.650 2048.642    0.000
   5400.00 0.000       0.000       0.000       0.000    1390.932    0.0774    0.000    0.000    5.730 2053.090    0.000
   5460.00 0.000       0.000       0.000       0.000    1394.175    0.0540    0.000    0.000    5.510 2056.654    0.000
   5520.00 0.000       0.000       0.000       0.000    1396.226    0.0342    0.000    0.000    5.745 2058.287    0.000
   5580.00 0.000       0.000       0.000       0.000    1399.762    0.0589    0.000    0.000    5.721 2059.701    0.000
   5640.00 0.000       0.000       0.000       0.000    1407.033    0.1212    0.000    0.000    5.561 2060.329    0.000
   5700.00 0.000       0.000       0.000       0.000    1402.093   -0.0823    0.000    0.000    5.774 2059.949    0.000
   5760.00 0.000       0.000       0.000       0.000    1402.090   -0.0000    0.000    0.000    5.673 2058.864    0.000
   5820.00 0.000       0.000       0.000       0.000    1409.544    0.1242    0.000    0.000    5.806 2055.736    0.000
   5880.00 0.000       0.000       0.000       0.000    1404.089   -0.0909    0.000    0.000    5.802 2049.192    0.000
   5940.00 0.000       0.000       0.000       0.000    1405.162    0.0179    0.000    0.000    6.199 2039.195    0.000
   6000.00 0.000       0.000       0.000       0.000    1404.843   -0.0053    0.000    0.000    5.848 2030.332    0.000
   6060.00 0.000       0.000       0.000       0.000    1408.793    0.0658    0.000    0.000    6.127 2026.453    0.000
   6120.00 0.000       0.000       0.000       0.000    1407.836   -0.0160    0.000    0.000    6.185 2027.515    0.000
   6180.00 0.000       0.000       0.000       0.000    1410.104    0.0378    0.000    0.000    6.089 2029.483    0.000
   6240.00 0.000       0.000       0.000       0.000    1406.908   -0.0533    0.000    0.000    6.034 2031.107    0.000
   6300.00 0.000       0.000       0.000       0.000    1410.382    0.0579    0.000    0.000    5.749 2033.341    0.000
   6360.00 0.000       0.000       0.000       0.000    1413.359    0.0496    0.000    0.000    5.698 2036.487    0.000
   6420.00 0.000       0.000       0.000       0.000    1413.313   -0.0008    0.000    0.000    6.050 2040.415    0.000
   6480.00 0.000       0.000       0.000       0.000    1414.119    0.0134    0.000    0.000    6.151 2045.419    0.000
   6540.00 0.000       0.000       0.000       0.000    1415.154    0.0173    0.000    0.000    6.105 2051.223    0.000
   6600.00 0.000       0.000       0.000       0.000    1414.767   -0.0065    0.000    0.000    6.261 2055.427    0.000
   6660.00 0.000       0.000       0.000       0.000    1415.473    0.0118    0.000    0.000    5.927 2056.003    0.000
   6720.00 0.000       0.000       0.000       0.000    1417.188    0.0286    0.000    0.000    5.961 2054.674    0.000
   6780.00 0.000       0.000       0.000       0.000    1419.391    0.0367    0.000    0.000    5.555 2053.313    0.000
   6840.00 0.000       0.000       0.000       0.000    1422.866    0.0579    0.000    0.000    5.725 2051.855    0.000
   6900.00 0.000       0.000       0.000       0.000    1424.950    0.0347    0.000    0.000    5.441 2051.845    0.000
   6960.00 0.000       0.000       0.000       0.000    1426.099    0.0191    0.000    0.000    5.842 2056.485    0.000
   7020.00 0.000       0.000       0.000       0.000    1427.625    0.0254    0.000    0.000    5.744 2064.904    0.000
   7080.00 0.000       0.000       0.000       0.000    1428.048    0.0070    0.000    0.000    6.583 2072.997    0.000
   7140.00 0.000       0.000       0.000       0.000    1430.330    0.0380    0.000    0.000    6.321 2083.195    0.000
   7200.00 0.000       0.000       0.000       0.000    1434.559    0.0705    0.000    0.000    6.553 2099.089    0.000
   7260.00 0.000       0.000       0.000       0.000    1434.776    0.0036    0.000    0.000    6.257 2116.305    0.000
   7320.00 0.000       0.000       0.000       0.000    1436.535    0.0293    0.000    0.000    6.606 2127.709    0.000
   7380.00 0.000       0.000       0.000       0.000    1441.428    0.0815    0.000    0.000    7.006 2132.108    0.000
   7440.00 0.000       0.000       0.000       0.000    1450.076    0.1441    0.000    0.000    6.735 2131.104    0.000
   7500.00 0.000       0.000       0.000       0.000    1452.083    0.0335    0.000    0.000    6.131 2126.587    0.000
   7560.00 0.000       0.000       0.000       0.000    1454.699    0.0436    0.000    0.000    6.431 2124.650    0.000
   7620.00 0.000       0.000       0.000       0.000    1452.871   -0.0305    0.000    0.000    6.200 2130.930    0.000
   7680.00 0.000       0.000       0.000       0.000    1447.439   -0.0905    0.000    0.000    6.102 2142.029    0.000
   7740.00 0.000       0.000       0.000       0.000    1444.605   -0.0472    0.000    0.000    6.236 2150.078    0.000
   7800.00 0.000       0.000       0.000       0.000    1447.547    0.0490    0.000    0.000    6.368 2154.390    0.000
   7860.00 0.000       0.000       0.000       0.000    1451.451    0.0651    0.000    0.000    6.133 2159.050    0.000
   7920.00 0.000       0.000       0.000       0.000    1458.051    0.1100    0.000    0.000    6.501 2169.398    0.000
   7980.00 0.000       0.000       0.000       0.000    1459.937    0.0314    0.000    0.000    6.646 2185.544    0.000
   8040.00 0.000       0.000       0.000       0.000    1460.978    0.0174    0.000    0.000    6.282 2205.178    0.000
   8100.00 0.000       0.000       0.000       0.000    1463.821    0.0474    0.000    0.000    6.110 2225.001    0.000
   8160.00 0.000       0.000       0.000       0.000    1467.033    0.0535    0.000    0.000    6.434 2242.775    0.000
   8220.00 0.000       0.000       0.000       0.000    1471.221    0.0698    0.000    0.000    6.699 2254.604    0.000
   8280.00 0.000       0.000       0.000       0.000    1471.887    0.0111    0.000    0.000    6.582 2254.061    0.000
   8340.00 0.000       0.000       0.000       0.000    1475.527    0.0607    0.000    0.000    6.155 2242.881    0.000
   8400.00 0.000       0.000       0.000       0.000    1472.015   -0.0585    0.000    0.000    5.755 2232.921    0.000
   8460.00 0.000       0.000       0.000       0.000    1477.015    0.0833    0.000    0.000    5.878 2231.260    0.000
   8520.00 0.000       0.000       0.000       0.000    1478.760    0.0291    0.000    0.000    5.839 2235.572    0.000
   8580.00 0.000       0.000       0.000       0.000    1476.300   -0.0410    0.000    0.000    5.514 2244.235    0.000
   8640.00 0.000       0.000       0.000       0.000    1478.966    0.0444    0.000    0.000    5.332 2260.036    0.000
   8700.00 0.000       0.000       0.000       0.000    1476.692   -0.0379    0.000    0.000    5.293 2282.341    0.000
   8760.00 0.000       0.000       0.000       0.000    1478.758    0.0344    0.000    0.000    5.775 2306.622    0.000
   8820.00 0.000       0.000       0.000       0.000    1481.081    0.0387    0.000    0.000    5.569 2329.978    0.000
   8880.00 0.000       0.000       0.000       0.000    1485.138    0.0676    0.000    0.000    5.863 2351.313    0.000
   8940.00 0.000       0.000       0.000       0.000    1490.731    0.0932    0.000    0.000    6.299 2368.859    0.000
   9000.00 0.000       0.000       0.000       0.000    1494.287    0.0593    0.000    0.000    6.443 2380.143    0.000
   9060.00 0.000       0.000       0.000       0.000    1499.470    0.0864    0.000    0.000    6.368 2386.189    0.000
   9120.00 0.000       0.000       0.000       0.000    1500.516    0.0174    0.000    0.000    6.573 2391.692    0.000
   9180.00 0.000       0.000       0.000       0.000    1501.105    0.0098    0.000    0.000    6.670 2396.609    0.000
   9240.00 0.000       0.000       0.000       0.000    1505.469    0.0727    0.000    0.000    7.014 2399.302    0.000
   9300.00 0.000       0.000       0.000       0.000    1509.231    0.0627    0.000    0.000    7.193 2405.751    0.000
   9360.00 0.000       0.000       0.000       0.000    1510.968    0.0290    0.000    0.000    6.086 2420.365    0.000
   9420.00 0.000       0.000       0.000       0.000    1511.573    0.0101    0.000    0.000    6.566 2440.379    0.000
   9480.00 0.000       0.000       0.000       0.000    1512.213    0.0107    0.000    0.000    7.101 2460.903    0.000
   9540.00 0.000       0.000       0.000       0.000    1510.579   -0.0272    0.000    0.000    7.256 2476.736    0.000
   9600.00 0.000       0.000       0.000       0.000    1512.843    0.0377    0.000    0.000    7.491 2483.255    0.000
   9660.00 0.000       0.000       0.000       0.000    1516.870    0.0671    0.000    0.000    6.824 2478.772    0.000
   9720.00 0.000       0.000       0.000       0.000    1519.959    0.0515    0.000    0.000    6.549 2468.018    0.000
   9780.00 0.000       0.000       0.000       0.000    1519.693   -0.0044    0.000    0.000    6.187 2457.467    0.000
   9840.00 0.000       0.000       0.000       0.000    1522.161    0.0411    0.000    0.000    6.060 2449.997    0.000
   9900.00 0.000       0.000       0.000       0.000    1522.773    0.0102    0.000    0.000    6.124 2442.126    0.000
   9960.00 0.000       0.000       0.000       0.000    1526.072    0.0550    0.000    0.000    6.584 2430.104    0.000
  10020.00 0.000       0.000       0.000       0.000    1530.982    0.0818    0.000    0.000    6.639 2417.208    0.000
  10080.00 0.000       0.000       0.000       0.000    1531.539    0.0093    0.000    0.000    6.386 2407.307    0.000
  10140.00 0.000       0.000       0.000       0.000    1535.137    0.0600    0.000    0.000    5.818 2404.188    0.000
  10200.00 0.000       0.000       0.000       0.000    1537.276    0.0356    0.000    0.000    6.131 2408.756    0.000
  10260.00 0.000       0.000       0.000       0.000    1534.692   -0.0431    0.000    0.000    6.790 2419.297    0.000
  10320.00 0.000       0.000       0.000       0.000    1537.068    0.0396    0.000    0.000    6.751 2432.547    0.000
  10380.00 0.000       0.000       0.000       0.000    1538.042    0.0162    0.000    0.000    6.668 2442.605    0.000
  10440.00 0.000       0.000       0.000       0.000    1539.408    0.0228    0.000    0.000    6.286 2448.247    0.000
  10500.00 0.000       0.000       0.000       0.000    1538.850   -0.0093    0.000    0.000    6.551 2450.512    0.000
  10560.00 0.000       0.000       0.000       0.000    1541.243    0.0399    0.000    0.000    7.283 2450.374    0.000
  10620.00 0.000       0.000       0.000       0.000    1544.173    0.0488    0.000    0.000    7.517 2447.513    0.000
  10680.00 0.000       0.000       0.000       0.000    1547.022    0.0475    0.000    0.000    6.596 2441.069    0.000
  10740.00 0.000       0.000       0.000       0.000    1551.719    0.0783    0.000    0.000    5.618 2439.944    0.000
  10800.00 0.000       0.000       0.000       0.000    1551.619   -0.0017    0.000    0.000    6.116 2451.584    0.000
  10860.00 0.000       0.000       0.000       0.000    1553.191    0.0262    0.000    0.000    6.188 2470.603    0.000
  10920.00 0.000       0.000       0.000       0.000    1555.565    0.0396    0.000    0.000    6.256 2489.683    0.000
  10980.00 0.000       0.000       0.000       0.000    1558.484    0.0487    0.000    0.000    5.829 2506.198    0.000
  11040.00 0.000       0.000       0.000       0.000    1562.014    0.0588    0.000    0.000    6.444 2516.979    0.000
  11100.00 0.000       0.000       0.000       0.000    1563.006    0.0165    0.000    0.000    6.759 2523.289    0.000
  11160.00 0.000       0.000       0.000       0.000    1566.671    0.0611    0.000    0.000    6.545 2530.879    0.000
  11220.00 0.000       0.000       0.000       0.000    1569.488    0.0469    0.000    0.000    6.362 2539.014    0.000
  11280.00 0.000       0.000       0.000       0.000    1570.731    0.0207    0.000    0.000    6.653 2544.499    0.000
  11340.00 0.000       0.000       0.000       0.000    1571.963    0.0205    0.000    0.000    6.383 2551.020    0.000
  11400.00 0.000       0.000       0.000       0.000    1573.659    0.0283    0.000    0.000    6.872 2562.062    0.000
  11460.00 0.000       0.000       0.000       0.000    1573.430   -0.0038    0.000    0.000    6.750 2574.416    0.000
  11520.00 0.000       0.000       0.000       0.000    1572.306   -0.0187    0.000    0.000    6.607 2586.146    0.000
  11580.00 0.000       0.000       0.000       0.000    1574.075    0.0295    0.000    0.000    6.611 2594.556    0.000
  11640.00 0.000       0.000       0.000       0.000    1577.490    0.0569    0.000    0.000    7.460 2593.960    0.000
  11700.00 0.000       0.000       0.000       0.000    1579.722    0.0372    0.000    0.000    7.151 2585.048    0.000
  11760.00 0.000       0.000       0.000       0.000    1584.246    0.0754    0.000    0.000    6.348 2575.330    0.000
  11820.00 0.000       0.000       0.000       0.000    1585.003    0.0126    0.000    0.000    6.658 2569.838    0.000
  11880.00 0.000       0.000       0.000       0.000    1586.733    0.0288    0.000    0.000    6.548 2568.855    0.000
  11940.00 0.000       0.000       0.000       0.000    1589.033    0.0383    0.000    0.000    6.601 2570.167    0.000
  12000.00 0.000       0.000       0.000       0.000    1589.803    0.0128    0.000    0.000    6.936 2570.717    0.000
  12060.00 0.000       0.000       0.000       0.000    1593.335    0.0589    0.000    0.000    6.637 2573.506    0.000
  12120.00 0.000       0.000       0.000       0.000    1592.630   -0.0118    0.000    0.000    6.077 2579.044    0.000
  12180.00 0.000       0.000       0.000       0.000    1592.682    0.0009    0.000    0.000    6.567 2580.904    0.000
  12240.00 0.000       0.000       0.000       0.000    1593.866    0.0197    0.000    0.000    6.294 2581.947    0.000
  12300.00 0.000       0.000       0.000       0.000    1598.741    0.0812    0.000    0.000    5.960 2588.462    0.000
  12360.00 0.000       0.000       0.000       0.000    1603.675    0.0822    0.000    0.000    6.155 2598.037    0.000
  12420.00 0.000       0.000       0.000       0.000    1602.488   -0.0198    0.000    0.000    6.499 2604.358    0.000
  12480.00 0.000       0.000       0.000       0.000    1601.525   -0.0161    0.000    0.000    6.580 2607.974    0.000
  12540.00 0.000       0.000       0.000       0.000    1604.130    0.0434    0.000    0.000    6.043 2611.346    0.000
  12600.00 0.000       0.000       0.000       0.000    1607.463    0.0556    0.000    0.000    6.110 2614.079    0.000
  12660.00 0.000       0.000       0.000       0.000    1609.991    0.0421    0.000    0.000    6.102 2616.954    0.000
  12720.00 0.000       0.000       0.000       0.000    1611.451    0.0243    0.000    0.000    5.960 2624.774    0.000
  12780.00 0.000       0.000       0.000       0.000    1612.104    0.0109    0.000    0.000    6.203 2640.426    0.000
  12840.00 0.000       0.000       0.000       0.000    1612.165    0.0010    0.000    0.000    6.640 2663.074    0.000
  12900.00 0.000       0.000       0.000       0.000    1613.312    0.0191    0.000    0.000    7.040 2692.052    0.000
  12960.00 0.000       0.000       0.000       0.000    1612.911   -0.0067    0.000    0.000    6.662 2722.764    0.000
  13020.00 0.000       0.000       0.000       0.000    1613.139    0.0038    0.000    0.000    6.322 2748.597    0.000
  13080.00 0.000       0.000       0.000       0.000    1619.173    0.1006    0.000    0.000    6.348 2766.428    0.000
  13140.00 0.000       0.000       0.000       0.000    1622.811    0.0606    0.000    0.000    6.652 2773.906    0.000
  13200.00 0.000       0.000       0.000       0.000    1625.807    0.0499    0.000    0.000    6.516 2771.054    0.000
  13260.00 0.000       0.000       0.000       0.000    1630.332    0.0754    0.000    0.000    6.224 2764.331    0.000
  13320.00 0.000       0.000       0.000       0.000    1633.186    0.0476    0.000    0.000    6.712 2755.919    0.000
  13380.00 0.000       0.000       0.000       0.000    1636.674    0.0581    0.000    0.000    6.555 2746.046    0.000
  13440.00 0.000       0.000       0.000       0.000    1635.573   -0.0183    0.000    0.000    6.273 2735.589    0.000
  13500.00 0.000       0.000       0.000       0.000    1639.408    0.0639    0.000    0.000    5.977 2723.739    0.000
  13560.00 0.000       0.000       0.000       0.000    1641.517    0.0351    0.000    0.000    6.311 2713.801    0.000
  13620.00 0.000       0.000       0.000       0.000    1642.603    0.0181    0.000    0.000    6.211 2707.981    0.000
  13680.00 0.000       0.000       0.000       0.000    1641.882   -0.0120    0.000    0.000    5.781 2705.264    0.000
  13740.00 0.000       0.000       0.000       0.000    1641.883    0.0000    0.000    0.000    5.511 2709.424    0.000
  13800.00 0.000       0.000       0.000       0.000    1645.524    0.0607    0.000    0.000    5.956 2722.579    0.000
  13860.00 0.000       0.000       0.000       0.000    1648.619    0.0516    0.000    0.000    6.477 2738.653    0.000
  13920.00 0.000       0.000       0.000       0.000    1650.837    0.0370    0.000    0.000    6.358 2752.575    0.000
  13980.00 0.000       0.000       0.000       0.000    1654.525    0.0615    0.000    0.000    6.720 2763.324    0.000
  14040.00 0.000       0.000       0.000       0.000    1654.785    0.0043    0.000    0.000    6.253 2768.450    0.000
  14100.00 0.000       0.000       0.000       0.000    1654.158   -0.0104    0.000    0.000    6.610 2771.078    0.000
  14160.00 0.000       0.000       0.000       0.000    1655.748    0.0265    0.000    0.000    6.139 2774.457    0.000
  14220.00 0.000       0.000       0.000       0.000    1657.176    0.0238    0.000    0.000    6.406 2774.479    0.000
  14280.00 0.000       0.000       0.000       0.000    1658.480    0.0217    0.000    0.000    6.293 2773.253    0.000
  14340.00 0.000       0.000       0.000       0.000    1661.852    0.0562    0.000    0.000    6.202 2777.921    0.000
  14400.00 0.000       0.000       0.000       0.000    1662.512    0.0110    0.000    0.000    6.090 2786.533    0.000
