#  time        ust        tst        qst         obukh      thls        z0        wthls      wthvs      wqls 
     60.00  0.397E-01 -0.374E+01 -0.254E-02     -0.029    302.612  0.100E+00  0.150E+00  0.169E+00  0.100E-03
    120.00  0.397E-01 -0.374E+01 -0.254E-02     -0.029    302.774  0.100E+00  0.150E+00  0.169E+00  0.100E-03
    180.00  0.400E-01 -0.371E+01 -0.253E-02     -0.029    302.872  0.100E+00  0.150E+00  0.169E+00  0.100E-03
    240.00  0.418E-01 -0.359E+01 -0.245E-02     -0.029    302.985  0.100E+00  0.150E+00  0.169E+00  0.100E-03
    300.00  0.457E-01 -0.334E+01 -0.230E-02     -0.028    303.137  0.100E+00  0.150E+00  0.169E+00  0.100E-03
    360.00  0.523E-01 -0.300E+01 -0.209E-02     -0.026    303.333  0.100E+00  0.150E+00  0.169E+00  0.100E-03
    420.00  0.614E-01 -0.261E+01 -0.184E-02     -0.024    303.549  0.100E+00  0.150E+00  0.169E+00  0.100E-03
    480.00  0.726E-01 -0.225E+01 -0.161E-02     -0.023    303.754  0.100E+00  0.150E+00  0.169E+00  0.100E-03
    540.00  0.848E-01 -0.195E+01 -0.141E-02     -0.021    303.918  0.100E+00  0.150E+00  0.169E+00  0.100E-03
    600.00  0.970E-01 -0.172E+01 -0.124E-02     -0.020    304.029  0.100E+00  0.150E+00  0.169E+00  0.100E-03
    660.00  0.108E+00 -0.154E+01 -0.112E-02     -0.020    304.096  0.100E+00  0.150E+00  0.169E+00  0.100E-03
    720.00  0.118E+00 -0.141E+01 -0.102E-02     -0.019    304.138  0.100E+00  0.150E+00  0.169E+00  0.100E-03
    780.00  0.127E+00 -0.131E+01 -0.951E-03     -0.019    304.166  0.100E+00  0.150E+00  0.169E+00  0.100E-03
    840.00  0.135E+00 -0.123E+01 -0.894E-03     -0.018    304.187  0.100E+00  0.150E+00  0.169E+00  0.100E-03
    900.00  0.143E+00 -0.116E+01 -0.842E-03     -0.018    304.207  0.100E+00  0.150E+00  0.169E+00  0.100E-03
    960.00  0.149E+00 -0.110E+01 -0.802E-03     -0.018    304.220  0.100E+00  0.150E+00  0.169E+00  0.100E-03
   1020.00  0.155E+00 -0.106E+01 -0.769E-03     -0.018    304.229  0.100E+00  0.150E+00  0.169E+00  0.100E-03
   1080.00  0.160E+00 -0.103E+01 -0.744E-03     -0.018    304.234  0.100E+00  0.150E+00  0.169E+00  0.100E-03
   1140.00  0.165E+00 -0.999E+00 -0.721E-03     -0.018    304.240  0.100E+00  0.150E+00  0.169E+00  0.100E-03
   1200.00  0.171E+00 -0.963E+00 -0.694E-03     -0.018    304.249  0.100E+00  0.150E+00  0.169E+00  0.100E-03
   1260.00  0.175E+00 -0.940E+00 -0.676E-03     -0.018    304.252  0.100E+00  0.150E+00  0.169E+00  0.100E-03
   1320.00  0.179E+00 -0.926E+00 -0.664E-03     -0.018    304.251  0.100E+00  0.150E+00  0.169E+00  0.100E-03
   1380.00  0.183E+00 -0.906E+00 -0.650E-03     -0.018    304.256  0.100E+00  0.150E+00  0.169E+00  0.100E-03
   1440.00  0.186E+00 -0.886E+00 -0.636E-03     -0.018    304.261  0.100E+00  0.150E+00  0.169E+00  0.100E-03
   1500.00  0.189E+00 -0.872E+00 -0.626E-03     -0.018    304.264  0.100E+00  0.150E+00  0.169E+00  0.100E-03
   1560.00  0.193E+00 -0.854E+00 -0.612E-03     -0.018    304.269  0.100E+00  0.150E+00  0.169E+00  0.100E-03
   1620.00  0.195E+00 -0.844E+00 -0.603E-03     -0.018    304.272  0.100E+00  0.150E+00  0.169E+00  0.100E-03
   1680.00  0.197E+00 -0.837E+00 -0.596E-03     -0.018    304.277  0.100E+00  0.150E+00  0.169E+00  0.100E-03
   1740.00  0.198E+00 -0.832E+00 -0.590E-03     -0.018    304.285  0.100E+00  0.150E+00  0.169E+00  0.100E-03
   1800.00  0.198E+00 -0.831E+00 -0.586E-03     -0.018    304.301  0.100E+00  0.150E+00  0.169E+00  0.100E-03
   1860.00  0.196E+00 -0.843E+00 -0.589E-03     -0.019    304.317  0.100E+00  0.150E+00  0.169E+00  0.100E-03
   1920.00  0.194E+00 -0.853E+00 -0.595E-03     -0.021    304.340  0.100E+00  0.150E+00  0.169E+00  0.100E-03
   1980.00  0.190E+00 -0.866E+00 -0.603E-03     -0.022    304.365  0.100E+00  0.150E+00  0.169E+00  0.100E-03
   2040.00  0.187E+00 -0.886E+00 -0.617E-03     -0.021    304.389  0.100E+00  0.150E+00  0.169E+00  0.100E-03
   2100.00  0.184E+00 -0.900E+00 -0.628E-03     -0.020    304.415  0.100E+00  0.150E+00  0.169E+00  0.100E-03
   2160.00  0.181E+00 -0.908E+00 -0.636E-03     -0.021    304.446  0.100E+00  0.150E+00  0.169E+00  0.100E-03
   2220.00  0.180E+00 -0.913E+00 -0.643E-03     -0.022    304.475  0.100E+00  0.150E+00  0.169E+00  0.100E-03
   2280.00  0.178E+00 -0.917E+00 -0.650E-03     -0.024    304.502  0.100E+00  0.150E+00  0.169E+00  0.100E-03
   2340.00  0.178E+00 -0.919E+00 -0.655E-03     -0.024    304.523  0.100E+00  0.150E+00  0.169E+00  0.100E-03
   2400.00  0.178E+00 -0.918E+00 -0.658E-03     -0.023    304.543  0.100E+00  0.150E+00  0.169E+00  0.100E-03
   2460.00  0.178E+00 -0.916E+00 -0.660E-03     -0.021    304.559  0.100E+00  0.150E+00  0.169E+00  0.100E-03
   2520.00  0.178E+00 -0.914E+00 -0.662E-03     -0.019    304.573  0.100E+00  0.150E+00  0.169E+00  0.100E-03
   2580.00  0.178E+00 -0.913E+00 -0.664E-03     -0.018    304.586  0.100E+00  0.150E+00  0.169E+00  0.100E-03
   2640.00  0.179E+00 -0.912E+00 -0.665E-03     -0.018    304.597  0.100E+00  0.150E+00  0.169E+00  0.100E-03
   2700.00  0.180E+00 -0.906E+00 -0.661E-03     -0.018    304.610  0.100E+00  0.150E+00  0.169E+00  0.100E-03
   2760.00  0.181E+00 -0.899E+00 -0.659E-03     -0.018    304.621  0.100E+00  0.150E+00  0.169E+00  0.100E-03
   2820.00  0.182E+00 -0.892E+00 -0.656E-03     -0.018    304.630  0.100E+00  0.150E+00  0.169E+00  0.100E-03
   2880.00  0.183E+00 -0.890E+00 -0.655E-03     -0.018    304.636  0.100E+00  0.150E+00  0.169E+00  0.100E-03
   2940.00  0.185E+00 -0.881E+00 -0.651E-03     -0.018    304.645  0.100E+00  0.150E+00  0.169E+00  0.100E-03
   3000.00  0.187E+00 -0.871E+00 -0.645E-03     -0.018    304.653  0.100E+00  0.150E+00  0.169E+00  0.100E-03
   3060.00  0.188E+00 -0.861E+00 -0.637E-03     -0.018    304.660  0.100E+00  0.150E+00  0.169E+00  0.100E-03
   3120.00  0.190E+00 -0.852E+00 -0.630E-03     -0.018    304.668  0.100E+00  0.150E+00  0.169E+00  0.100E-03
   3180.00  0.191E+00 -0.845E+00 -0.625E-03     -0.018    304.677  0.100E+00  0.150E+00  0.169E+00  0.100E-03
   3240.00  0.192E+00 -0.840E+00 -0.622E-03     -0.018    304.686  0.100E+00  0.150E+00  0.169E+00  0.100E-03
   3300.00  0.193E+00 -0.835E+00 -0.618E-03     -0.018    304.696  0.100E+00  0.150E+00  0.169E+00  0.100E-03
   3360.00  0.194E+00 -0.832E+00 -0.614E-03     -0.018    304.706  0.100E+00  0.150E+00  0.169E+00  0.100E-03
   3420.00  0.195E+00 -0.829E+00 -0.610E-03     -0.018    304.716  0.100E+00  0.150E+00  0.169E+00  0.100E-03
   3480.00  0.196E+00 -0.822E+00 -0.606E-03     -0.018    304.728  0.100E+00  0.150E+00  0.169E+00  0.100E-03
   3540.00  0.197E+00 -0.815E+00 -0.602E-03     -0.018    304.739  0.100E+00  0.150E+00  0.169E+00  0.100E-03
   3600.00  0.198E+00 -0.812E+00 -0.601E-03     -0.018    304.748  0.100E+00  0.150E+00  0.169E+00  0.100E-03
   3660.00  0.198E+00 -0.812E+00 -0.602E-03     -0.018    304.754  0.100E+00  0.150E+00  0.169E+00  0.100E-03
   3720.00  0.198E+00 -0.820E+00 -0.607E-03     -0.018    304.759  0.100E+00  0.150E+00  0.169E+00  0.100E-03
   3780.00  0.197E+00 -0.827E+00 -0.614E-03     -0.018    304.765  0.100E+00  0.150E+00  0.169E+00  0.100E-03
   3840.00  0.196E+00 -0.833E+00 -0.620E-03     -0.018    304.774  0.100E+00  0.150E+00  0.169E+00  0.100E-03
   3900.00  0.196E+00 -0.837E+00 -0.622E-03     -0.018    304.786  0.100E+00  0.150E+00  0.169E+00  0.100E-03
   3960.00  0.195E+00 -0.837E+00 -0.621E-03     -0.018    304.801  0.100E+00  0.150E+00  0.169E+00  0.100E-03
   4020.00  0.195E+00 -0.836E+00 -0.620E-03     -0.018    304.816  0.100E+00  0.150E+00  0.169E+00  0.100E-03
   4080.00  0.195E+00 -0.836E+00 -0.620E-03     -0.018    304.828  0.100E+00  0.150E+00  0.169E+00  0.100E-03
   4140.00  0.195E+00 -0.837E+00 -0.621E-03     -0.018    304.839  0.100E+00  0.150E+00  0.169E+00  0.100E-03
   4200.00  0.194E+00 -0.839E+00 -0.622E-03     -0.018    304.851  0.100E+00  0.150E+00  0.169E+00  0.100E-03
   4260.00  0.194E+00 -0.837E+00 -0.620E-03     -0.018    304.863  0.100E+00  0.150E+00  0.169E+00  0.100E-03
   4320.00  0.194E+00 -0.837E+00 -0.618E-03     -0.018    304.873  0.100E+00  0.150E+00  0.169E+00  0.100E-03
   4380.00  0.194E+00 -0.839E+00 -0.618E-03     -0.018    304.883  0.100E+00  0.150E+00  0.169E+00  0.100E-03
   4440.00  0.194E+00 -0.839E+00 -0.616E-03     -0.018    304.893  0.100E+00  0.150E+00  0.169E+00  0.100E-03
   4500.00  0.194E+00 -0.836E+00 -0.613E-03     -0.018    304.902  0.100E+00  0.150E+00  0.169E+00  0.100E-03
   4560.00  0.195E+00 -0.834E+00 -0.612E-03     -0.018    304.911  0.100E+00  0.150E+00  0.169E+00  0.100E-03
   4620.00  0.196E+00 -0.832E+00 -0.610E-03     -0.019    304.919  0.100E+00  0.150E+00  0.169E+00  0.100E-03
   4680.00  0.197E+00 -0.829E+00 -0.606E-03     -0.021    304.930  0.100E+00  0.150E+00  0.169E+00  0.100E-03
   4740.00  0.197E+00 -0.823E+00 -0.602E-03     -0.022    304.943  0.100E+00  0.150E+00  0.169E+00  0.100E-03
   4800.00  0.198E+00 -0.819E+00 -0.600E-03     -0.022    304.954  0.100E+00  0.150E+00  0.169E+00  0.100E-03
   4860.00  0.199E+00 -0.818E+00 -0.600E-03     -0.021    304.963  0.100E+00  0.150E+00  0.169E+00  0.100E-03
   4920.00  0.199E+00 -0.814E+00 -0.598E-03     -0.021    304.975  0.100E+00  0.150E+00  0.169E+00  0.100E-03
   4980.00  0.199E+00 -0.814E+00 -0.599E-03     -0.022    304.988  0.100E+00  0.150E+00  0.169E+00  0.100E-03
   5040.00  0.199E+00 -0.814E+00 -0.599E-03     -0.022    305.001  0.100E+00  0.150E+00  0.169E+00  0.100E-03
   5100.00  0.199E+00 -0.812E+00 -0.598E-03     -0.022    305.016  0.100E+00  0.150E+00  0.169E+00  0.100E-03
   5160.00  0.199E+00 -0.811E+00 -0.598E-03     -0.023    305.031  0.100E+00  0.150E+00  0.169E+00  0.100E-03
   5220.00  0.199E+00 -0.811E+00 -0.597E-03     -0.023    305.044  0.100E+00  0.150E+00  0.169E+00  0.100E-03
   5280.00  0.199E+00 -0.810E+00 -0.597E-03     -0.024    305.059  0.100E+00  0.150E+00  0.169E+00  0.100E-03
   5340.00  0.198E+00 -0.815E+00 -0.600E-03     -0.025    305.069  0.100E+00  0.150E+00  0.169E+00  0.100E-03
   5400.00  0.196E+00 -0.824E+00 -0.605E-03     -0.027    305.076  0.100E+00  0.150E+00  0.169E+00  0.100E-03
   5460.00  0.194E+00 -0.834E+00 -0.613E-03     -0.030    305.084  0.100E+00  0.150E+00  0.169E+00  0.100E-03
   5520.00  0.193E+00 -0.842E+00 -0.620E-03     -0.033    305.093  0.100E+00  0.150E+00  0.169E+00  0.100E-03
   5580.00  0.192E+00 -0.848E+00 -0.625E-03     -0.034    305.102  0.100E+00  0.150E+00  0.169E+00  0.100E-03
   5640.00  0.191E+00 -0.851E+00 -0.629E-03     -0.034    305.114  0.100E+00  0.150E+00  0.169E+00  0.100E-03
   5700.00  0.191E+00 -0.852E+00 -0.631E-03     -0.034    305.128  0.100E+00  0.150E+00  0.169E+00  0.100E-03
   5760.00  0.191E+00 -0.853E+00 -0.634E-03     -0.033    305.141  0.100E+00  0.150E+00  0.169E+00  0.100E-03
   5820.00  0.191E+00 -0.855E+00 -0.636E-03     -0.032    305.152  0.100E+00  0.150E+00  0.169E+00  0.100E-03
   5880.00  0.191E+00 -0.856E+00 -0.639E-03     -0.030    305.162  0.100E+00  0.150E+00  0.169E+00  0.100E-03
   5940.00  0.190E+00 -0.864E+00 -0.643E-03     -0.027    305.169  0.100E+00  0.150E+00  0.169E+00  0.100E-03
   6000.00  0.190E+00 -0.865E+00 -0.644E-03     -0.023    305.178  0.100E+00  0.150E+00  0.169E+00  0.100E-03
   6060.00  0.190E+00 -0.868E+00 -0.646E-03     -0.020    305.186  0.100E+00  0.150E+00  0.169E+00  0.100E-03
   6120.00  0.190E+00 -0.868E+00 -0.644E-03     -0.018    305.195  0.100E+00  0.150E+00  0.169E+00  0.100E-03
   6180.00  0.190E+00 -0.865E+00 -0.642E-03     -0.018    305.206  0.100E+00  0.150E+00  0.169E+00  0.100E-03
   6240.00  0.189E+00 -0.867E+00 -0.644E-03     -0.018    305.218  0.100E+00  0.150E+00  0.169E+00  0.100E-03
   6300.00  0.189E+00 -0.863E+00 -0.643E-03     -0.018    305.232  0.100E+00  0.150E+00  0.169E+00  0.100E-03
   6360.00  0.189E+00 -0.863E+00 -0.643E-03     -0.018    305.244  0.100E+00  0.150E+00  0.169E+00  0.100E-03
   6420.00  0.188E+00 -0.863E+00 -0.642E-03     -0.018    305.257  0.100E+00  0.150E+00  0.169E+00  0.100E-03
   6480.00  0.188E+00 -0.867E+00 -0.644E-03     -0.018    305.265  0.100E+00  0.150E+00  0.169E+00  0.100E-03
   6540.00  0.188E+00 -0.870E+00 -0.646E-03     -0.018    305.273  0.100E+00  0.150E+00  0.169E+00  0.100E-03
   6600.00  0.188E+00 -0.874E+00 -0.647E-03     -0.018    305.280  0.100E+00  0.150E+00  0.169E+00  0.100E-03
   6660.00  0.188E+00 -0.875E+00 -0.647E-03     -0.018    305.290  0.100E+00  0.150E+00  0.169E+00  0.100E-03
   6720.00  0.188E+00 -0.873E+00 -0.644E-03     -0.018    305.301  0.100E+00  0.150E+00  0.169E+00  0.100E-03
   6780.00  0.189E+00 -0.873E+00 -0.643E-03     -0.018    305.309  0.100E+00  0.150E+00  0.169E+00  0.100E-03
   6840.00  0.189E+00 -0.873E+00 -0.642E-03     -0.018    305.316  0.100E+00  0.150E+00  0.169E+00  0.100E-03
   6900.00  0.190E+00 -0.873E+00 -0.640E-03     -0.018    305.322  0.100E+00  0.150E+00  0.169E+00  0.100E-03
   6960.00  0.191E+00 -0.866E+00 -0.633E-03     -0.018    305.332  0.100E+00  0.150E+00  0.169E+00  0.100E-03
   7020.00  0.191E+00 -0.861E+00 -0.629E-03     -0.018    305.342  0.100E+00  0.150E+00  0.169E+00  0.100E-03
   7080.00  0.192E+00 -0.849E+00 -0.624E-03     -0.018    305.359  0.100E+00  0.150E+00  0.169E+00  0.100E-03
   7140.00  0.193E+00 -0.847E+00 -0.623E-03     -0.018    305.371  0.100E+00  0.150E+00  0.169E+00  0.100E-03
   7200.00  0.193E+00 -0.851E+00 -0.625E-03     -0.018    305.381  0.100E+00  0.150E+00  0.169E+00  0.100E-03
   7260.00  0.192E+00 -0.850E+00 -0.624E-03     -0.018    305.394  0.100E+00  0.150E+00  0.169E+00  0.100E-03
   7320.00  0.192E+00 -0.855E+00 -0.627E-03     -0.018    305.405  0.100E+00  0.150E+00  0.169E+00  0.100E-03
   7380.00  0.191E+00 -0.855E+00 -0.627E-03     -0.018    305.417  0.100E+00  0.150E+00  0.169E+00  0.100E-03
   7440.00  0.191E+00 -0.857E+00 -0.630E-03     -0.018    305.429  0.100E+00  0.150E+00  0.169E+00  0.100E-03
   7500.00  0.190E+00 -0.859E+00 -0.631E-03     -0.018    305.441  0.100E+00  0.150E+00  0.169E+00  0.100E-03
   7560.00  0.190E+00 -0.864E+00 -0.634E-03     -0.018    305.450  0.100E+00  0.150E+00  0.169E+00  0.100E-03
   7620.00  0.190E+00 -0.861E+00 -0.632E-03     -0.018    305.463  0.100E+00  0.150E+00  0.169E+00  0.100E-03
   7680.00  0.190E+00 -0.863E+00 -0.632E-03     -0.018    305.473  0.100E+00  0.150E+00  0.169E+00  0.100E-03
   7740.00  0.190E+00 -0.861E+00 -0.629E-03     -0.018    305.484  0.100E+00  0.150E+00  0.169E+00  0.100E-03
   7800.00  0.191E+00 -0.855E+00 -0.624E-03     -0.018    305.498  0.100E+00  0.150E+00  0.169E+00  0.100E-03
   7860.00  0.191E+00 -0.855E+00 -0.623E-03     -0.018    305.510  0.100E+00  0.150E+00  0.169E+00  0.100E-03
   7920.00  0.191E+00 -0.853E+00 -0.622E-03     -0.018    305.524  0.100E+00  0.150E+00  0.169E+00  0.100E-03
   7980.00  0.190E+00 -0.853E+00 -0.620E-03     -0.018    305.536  0.100E+00  0.150E+00  0.169E+00  0.100E-03
   8040.00  0.190E+00 -0.852E+00 -0.619E-03     -0.018    305.550  0.100E+00  0.150E+00  0.169E+00  0.100E-03
   8100.00  0.190E+00 -0.855E+00 -0.620E-03     -0.018    305.560  0.100E+00  0.150E+00  0.169E+00  0.100E-03
   8160.00  0.190E+00 -0.852E+00 -0.619E-03     -0.018    305.571  0.100E+00  0.150E+00  0.169E+00  0.100E-03
   8220.00  0.191E+00 -0.849E+00 -0.618E-03     -0.018    305.580  0.100E+00  0.150E+00  0.169E+00  0.100E-03
   8280.00  0.192E+00 -0.847E+00 -0.618E-03     -0.018    305.587  0.100E+00  0.150E+00  0.169E+00  0.100E-03
   8340.00  0.193E+00 -0.844E+00 -0.617E-03     -0.018    305.594  0.100E+00  0.150E+00  0.169E+00  0.100E-03
   8400.00  0.193E+00 -0.840E+00 -0.614E-03     -0.018    305.601  0.100E+00  0.150E+00  0.169E+00  0.100E-03
   8460.00  0.194E+00 -0.837E+00 -0.613E-03     -0.018    305.607  0.100E+00  0.150E+00  0.169E+00  0.100E-03
   8520.00  0.195E+00 -0.833E+00 -0.612E-03     -0.018    305.614  0.100E+00  0.150E+00  0.169E+00  0.100E-03
   8580.00  0.195E+00 -0.830E+00 -0.611E-03     -0.018    305.621  0.100E+00  0.150E+00  0.169E+00  0.100E-03
   8640.00  0.196E+00 -0.827E+00 -0.608E-03     -0.021    305.627  0.100E+00  0.150E+00  0.169E+00  0.100E-03
   8700.00  0.197E+00 -0.823E+00 -0.605E-03     -0.023    305.635  0.100E+00  0.150E+00  0.169E+00  0.100E-03
   8760.00  0.196E+00 -0.827E+00 -0.606E-03     -0.024    305.639  0.100E+00  0.150E+00  0.169E+00  0.100E-03
   8820.00  0.196E+00 -0.827E+00 -0.607E-03     -0.024    305.648  0.100E+00  0.150E+00  0.169E+00  0.100E-03
   8880.00  0.196E+00 -0.831E+00 -0.611E-03     -0.022    305.656  0.100E+00  0.150E+00  0.169E+00  0.100E-03
   8940.00  0.196E+00 -0.834E+00 -0.615E-03     -0.020    305.665  0.100E+00  0.150E+00  0.169E+00  0.100E-03
   9000.00  0.196E+00 -0.833E+00 -0.615E-03     -0.020    305.677  0.100E+00  0.150E+00  0.169E+00  0.100E-03
   9060.00  0.196E+00 -0.832E+00 -0.615E-03     -0.019    305.688  0.100E+00  0.150E+00  0.169E+00  0.100E-03
   9120.00  0.196E+00 -0.830E+00 -0.612E-03     -0.018    305.700  0.100E+00  0.150E+00  0.169E+00  0.100E-03
   9180.00  0.196E+00 -0.830E+00 -0.610E-03     -0.018    305.711  0.100E+00  0.150E+00  0.169E+00  0.100E-03
   9240.00  0.196E+00 -0.830E+00 -0.611E-03     -0.018    305.723  0.100E+00  0.150E+00  0.169E+00  0.100E-03
   9300.00  0.195E+00 -0.829E+00 -0.610E-03     -0.018    305.736  0.100E+00  0.150E+00  0.169E+00  0.100E-03
   9360.00  0.195E+00 -0.830E+00 -0.612E-03     -0.018    305.744  0.100E+00  0.150E+00  0.169E+00  0.100E-03
   9420.00  0.195E+00 -0.833E+00 -0.613E-03     -0.018    305.751  0.100E+00  0.150E+00  0.169E+00  0.100E-03
   9480.00  0.194E+00 -0.837E+00 -0.615E-03     -0.018    305.758  0.100E+00  0.150E+00  0.169E+00  0.100E-03
   9540.00  0.193E+00 -0.843E+00 -0.618E-03     -0.018    305.764  0.100E+00  0.150E+00  0.169E+00  0.100E-03
   9600.00  0.192E+00 -0.848E+00 -0.621E-03     -0.018    305.770  0.100E+00  0.150E+00  0.169E+00  0.100E-03
   9660.00  0.192E+00 -0.850E+00 -0.621E-03     -0.018    305.778  0.100E+00  0.150E+00  0.169E+00  0.100E-03
   9720.00  0.191E+00 -0.853E+00 -0.624E-03     -0.018    305.785  0.100E+00  0.150E+00  0.169E+00  0.100E-03
   9780.00  0.192E+00 -0.857E+00 -0.627E-03     -0.018    305.793  0.100E+00  0.150E+00  0.169E+00  0.100E-03
   9840.00  0.192E+00 -0.850E+00 -0.622E-03     -0.018    305.806  0.100E+00  0.150E+00  0.169E+00  0.100E-03
   9900.00  0.193E+00 -0.847E+00 -0.621E-03     -0.018    305.818  0.100E+00  0.150E+00  0.169E+00  0.100E-03
   9960.00  0.193E+00 -0.846E+00 -0.620E-03     -0.018    305.830  0.100E+00  0.150E+00  0.169E+00  0.100E-03
  10020.00  0.193E+00 -0.846E+00 -0.619E-03     -0.018    305.840  0.100E+00  0.150E+00  0.169E+00  0.100E-03
  10080.00  0.193E+00 -0.849E+00 -0.619E-03     -0.018    305.849  0.100E+00  0.150E+00  0.169E+00  0.100E-03
  10140.00  0.193E+00 -0.846E+00 -0.617E-03     -0.018    305.861  0.100E+00  0.150E+00  0.169E+00  0.100E-03
  10200.00  0.193E+00 -0.850E+00 -0.619E-03     -0.018    305.868  0.100E+00  0.150E+00  0.169E+00  0.100E-03
  10260.00  0.193E+00 -0.849E+00 -0.618E-03     -0.018    305.877  0.100E+00  0.150E+00  0.169E+00  0.100E-03
  10320.00  0.193E+00 -0.852E+00 -0.621E-03     -0.018    305.883  0.100E+00  0.150E+00  0.169E+00  0.100E-03
  10380.00  0.193E+00 -0.853E+00 -0.622E-03     -0.018    305.889  0.100E+00  0.150E+00  0.169E+00  0.100E-03
  10440.00  0.193E+00 -0.849E+00 -0.622E-03     -0.018    305.895  0.100E+00  0.150E+00  0.169E+00  0.100E-03
  10500.00  0.194E+00 -0.843E+00 -0.620E-03     -0.018    305.902  0.100E+00  0.150E+00  0.169E+00  0.100E-03
  10560.00  0.195E+00 -0.838E+00 -0.619E-03     -0.018    305.909  0.100E+00  0.150E+00  0.169E+00  0.100E-03
  10620.00  0.196E+00 -0.834E+00 -0.618E-03     -0.018    305.916  0.100E+00  0.150E+00  0.169E+00  0.100E-03
  10680.00  0.196E+00 -0.834E+00 -0.618E-03     -0.018    305.922  0.100E+00  0.150E+00  0.169E+00  0.100E-03
  10740.00  0.196E+00 -0.832E+00 -0.616E-03     -0.018    305.932  0.100E+00  0.150E+00  0.169E+00  0.100E-03
  10800.00  0.196E+00 -0.827E+00 -0.611E-03     -0.018    305.947  0.100E+00  0.150E+00  0.169E+00  0.100E-03
  10860.00  0.196E+00 -0.828E+00 -0.610E-03     -0.018    305.960  0.100E+00  0.150E+00  0.169E+00  0.100E-03
  10920.00  0.195E+00 -0.833E+00 -0.610E-03     -0.018    305.970  0.100E+00  0.150E+00  0.169E+00  0.100E-03
  10980.00  0.195E+00 -0.835E+00 -0.611E-03     -0.018    305.981  0.100E+00  0.150E+00  0.169E+00  0.100E-03
  11040.00  0.195E+00 -0.838E+00 -0.613E-03     -0.018    305.991  0.100E+00  0.150E+00  0.169E+00  0.100E-03
  11100.00  0.195E+00 -0.831E+00 -0.611E-03     -0.018    306.005  0.100E+00  0.150E+00  0.169E+00  0.100E-03
  11160.00  0.195E+00 -0.830E+00 -0.611E-03     -0.018    306.016  0.100E+00  0.150E+00  0.169E+00  0.100E-03
  11220.00  0.195E+00 -0.826E+00 -0.609E-03     -0.018    306.027  0.100E+00  0.150E+00  0.169E+00  0.100E-03
  11280.00  0.195E+00 -0.824E+00 -0.609E-03     -0.018    306.038  0.100E+00  0.150E+00  0.169E+00  0.100E-03
  11340.00  0.196E+00 -0.825E+00 -0.607E-03     -0.018    306.049  0.100E+00  0.150E+00  0.169E+00  0.100E-03
  11400.00  0.196E+00 -0.825E+00 -0.605E-03     -0.018    306.059  0.100E+00  0.150E+00  0.169E+00  0.100E-03
  11460.00  0.195E+00 -0.825E+00 -0.605E-03     -0.018    306.070  0.100E+00  0.150E+00  0.169E+00  0.100E-03
  11520.00  0.195E+00 -0.829E+00 -0.606E-03     -0.018    306.077  0.100E+00  0.150E+00  0.169E+00  0.100E-03
  11580.00  0.194E+00 -0.835E+00 -0.610E-03     -0.018    306.081  0.100E+00  0.150E+00  0.169E+00  0.100E-03
  11640.00  0.194E+00 -0.838E+00 -0.611E-03     -0.019    306.086  0.100E+00  0.150E+00  0.169E+00  0.100E-03
  11700.00  0.194E+00 -0.840E+00 -0.611E-03     -0.020    306.091  0.100E+00  0.150E+00  0.169E+00  0.100E-03
  11760.00  0.194E+00 -0.840E+00 -0.611E-03     -0.021    306.099  0.100E+00  0.150E+00  0.169E+00  0.100E-03
  11820.00  0.194E+00 -0.839E+00 -0.611E-03     -0.020    306.106  0.100E+00  0.150E+00  0.169E+00  0.100E-03
  11880.00  0.195E+00 -0.836E+00 -0.610E-03     -0.018    306.114  0.100E+00  0.150E+00  0.169E+00  0.100E-03
  11940.00  0.195E+00 -0.840E+00 -0.612E-03     -0.018    306.117  0.100E+00  0.150E+00  0.169E+00  0.100E-03
  12000.00  0.195E+00 -0.843E+00 -0.612E-03     -0.018    306.122  0.100E+00  0.150E+00  0.169E+00  0.100E-03
  12060.00  0.195E+00 -0.844E+00 -0.611E-03     -0.018    306.128  0.100E+00  0.150E+00  0.169E+00  0.100E-03
  12120.00  0.196E+00 -0.840E+00 -0.607E-03     -0.018    306.136  0.100E+00  0.150E+00  0.169E+00  0.100E-03
  12180.00  0.196E+00 -0.839E+00 -0.604E-03     -0.018    306.143  0.100E+00  0.150E+00  0.169E+00  0.100E-03
  12240.00  0.197E+00 -0.834E+00 -0.602E-03     -0.018    306.153  0.100E+00  0.150E+00  0.169E+00  0.100E-03
  12300.00  0.198E+00 -0.829E+00 -0.600E-03     -0.018    306.165  0.100E+00  0.150E+00  0.169E+00  0.100E-03
  12360.00  0.198E+00 -0.831E+00 -0.601E-03     -0.018    306.172  0.100E+00  0.150E+00  0.169E+00  0.100E-03
  12420.00  0.198E+00 -0.830E+00 -0.600E-03     -0.019    306.182  0.100E+00  0.150E+00  0.169E+00  0.100E-03
  12480.00  0.198E+00 -0.830E+00 -0.599E-03     -0.020    306.193  0.100E+00  0.150E+00  0.169E+00  0.100E-03
  12540.00  0.198E+00 -0.827E+00 -0.598E-03     -0.021    306.206  0.100E+00  0.150E+00  0.169E+00  0.100E-03
  12600.00  0.199E+00 -0.823E+00 -0.597E-03     -0.021    306.217  0.100E+00  0.150E+00  0.169E+00  0.100E-03
  12660.00  0.199E+00 -0.820E+00 -0.598E-03     -0.022    306.228  0.100E+00  0.150E+00  0.169E+00  0.100E-03
  12720.00  0.198E+00 -0.820E+00 -0.600E-03     -0.023    306.238  0.100E+00  0.150E+00  0.169E+00  0.100E-03
  12780.00  0.197E+00 -0.825E+00 -0.605E-03     -0.024    306.243  0.100E+00  0.150E+00  0.169E+00  0.100E-03
  12840.00  0.196E+00 -0.832E+00 -0.611E-03     -0.023    306.246  0.100E+00  0.150E+00  0.169E+00  0.100E-03
  12900.00  0.195E+00 -0.837E+00 -0.616E-03     -0.021    306.251  0.100E+00  0.150E+00  0.169E+00  0.100E-03
  12960.00  0.194E+00 -0.842E+00 -0.620E-03     -0.019    306.257  0.100E+00  0.150E+00  0.169E+00  0.100E-03
  13020.00  0.193E+00 -0.846E+00 -0.624E-03     -0.018    306.262  0.100E+00  0.150E+00  0.169E+00  0.100E-03
  13080.00  0.192E+00 -0.853E+00 -0.629E-03     -0.018    306.269  0.100E+00  0.150E+00  0.169E+00  0.100E-03
  13140.00  0.191E+00 -0.857E+00 -0.632E-03     -0.018    306.278  0.100E+00  0.150E+00  0.169E+00  0.100E-03
  13200.00  0.191E+00 -0.856E+00 -0.631E-03     -0.019    306.290  0.100E+00  0.150E+00  0.169E+00  0.100E-03
  13260.00  0.191E+00 -0.852E+00 -0.629E-03     -0.022    306.303  0.100E+00  0.150E+00  0.169E+00  0.100E-03
  13320.00  0.191E+00 -0.851E+00 -0.626E-03     -0.024    306.313  0.100E+00  0.150E+00  0.169E+00  0.100E-03
  13380.00  0.191E+00 -0.854E+00 -0.628E-03     -0.026    306.320  0.100E+00  0.150E+00  0.169E+00  0.100E-03
  13440.00  0.190E+00 -0.862E+00 -0.633E-03     -0.027    306.324  0.100E+00  0.150E+00  0.169E+00  0.100E-03
  13500.00  0.190E+00 -0.864E+00 -0.634E-03     -0.026    306.331  0.100E+00  0.150E+00  0.169E+00  0.100E-03
  13560.00  0.190E+00 -0.866E+00 -0.635E-03     -0.026    306.339  0.100E+00  0.150E+00  0.169E+00  0.100E-03
  13620.00  0.189E+00 -0.866E+00 -0.636E-03     -0.025    306.349  0.100E+00  0.150E+00  0.169E+00  0.100E-03
  13680.00  0.189E+00 -0.864E+00 -0.633E-03     -0.024    306.360  0.100E+00  0.150E+00  0.169E+00  0.100E-03
  13740.00  0.189E+00 -0.860E+00 -0.630E-03     -0.023    306.370  0.100E+00  0.150E+00  0.169E+00  0.100E-03
  13800.00  0.190E+00 -0.858E+00 -0.626E-03     -0.023    306.379  0.100E+00  0.150E+00  0.169E+00  0.100E-03
  13860.00  0.190E+00 -0.858E+00 -0.624E-03     -0.023    306.387  0.100E+00  0.150E+00  0.169E+00  0.100E-03
  13920.00  0.190E+00 -0.859E+00 -0.624E-03     -0.023    306.393  0.100E+00  0.150E+00  0.169E+00  0.100E-03
  13980.00  0.190E+00 -0.862E+00 -0.625E-03     -0.022    306.398  0.100E+00  0.150E+00  0.169E+00  0.100E-03
  14040.00  0.190E+00 -0.863E+00 -0.628E-03     -0.022    306.403  0.100E+00  0.150E+00  0.169E+00  0.100E-03
  14100.00  0.191E+00 -0.864E+00 -0.629E-03     -0.021    306.408  0.100E+00  0.150E+00  0.169E+00  0.100E-03
  14160.00  0.191E+00 -0.864E+00 -0.629E-03     -0.019    306.412  0.100E+00  0.150E+00  0.169E+00  0.100E-03
  14220.00  0.192E+00 -0.864E+00 -0.629E-03     -0.018    306.418  0.100E+00  0.150E+00  0.169E+00  0.100E-03
  14280.00  0.192E+00 -0.861E+00 -0.627E-03     -0.018    306.427  0.100E+00  0.150E+00  0.169E+00  0.100E-03
  14340.00  0.194E+00 -0.849E+00 -0.619E-03     -0.018    306.442  0.100E+00  0.150E+00  0.169E+00  0.100E-03
  14400.00  0.195E+00 -0.841E+00 -0.614E-03     -0.018    306.455  0.100E+00  0.150E+00  0.169E+00  0.100E-03
